0.0	5360
1.19388 5896
1.19888 6432
1.20388 7504
1.20888 8576
1.21388 9648
1.21888 10720
1.22388 11792
1.22888 12864
1.23388 13936
1.23888 15008
1.24388 16080
1.24888 17152
1.25388 17688
1.25888 18760
1.26388 19832
1.26888 20904
1.27388 21976
1.27888 23048
1.28388 24120
1.28888 25192
1.29388 26264
1.29888 27336
1.30388 28408
1.30888 28944
1.31388 30016
1.31888 31088
1.32388 32160
1.32888 33232
1.33388 34304
1.33888 35376
1.34388 36448
1.34888 37520
1.35388 38592
1.35888 39664
1.36388 40200
1.36888 41272
1.37388 42344
1.37888 43416
1.38388 44488
1.38888 45560
1.39388 46632
1.39888 47704
1.40388 48776
1.40888 49848
1.41388 50920
1.41888 51456
1.42388 52528
1.42888 53600
1.43388 54672
1.43888 55744
1.44388 56816
1.44888 57888
1.45388 58960
1.45888 60032
1.46388 61104
1.46888 62176
1.47388 62712
1.47888 63784
1.48388 64856
1.48888 65928
1.49388 67000
1.49888 68072
1.50388 69144
1.50888 70216
1.51388 71288
1.51888 72360
1.52388 73432
1.52888 74504
1.53388 75040
1.53888 76112
1.54388 77184
1.54888 78256
1.55388 79328
1.55888 80400
1.56388 81472
1.56888 82544
1.57388 83616
1.57888 84688
1.58388 85760
1.58888 86296
1.59388 87368
1.59888 88440
1.60388 89512
1.60888 90584
1.61388 91656
1.61888 92728
1.62388 93800
1.62888 94872
1.63388 95944
1.63888 97016
1.64388 97552
1.64888 98624
1.65388 99696
1.65888 100768
1.66388 101840
1.66888 102912
1.67388 103984
1.67888 105056
1.68388 106128
1.68888 107200
1.69388 108272
1.69888 108808
1.70388 109880
1.70888 110952
1.71388 112024
1.71888 113096
1.72388 114168
1.72888 115240
1.73388 116312
1.73888 117384
1.74388 118456
1.74888 119528
1.75388 120064
1.75888 121136
1.76388 122208
1.76888 123280
1.77388 124352
1.77888 125424
1.78388 126496
1.78888 127568
1.79388 128640
1.79888 129712
1.80388 130784
1.80888 131320
1.81388 132392
1.81888 133464
1.82388 134536
1.82888 135608
1.83388 136680
1.83888 137752
1.84388 138824
1.84888 139896
1.85388 140968
1.85888 142040
1.86388 143112
1.86888 143648
1.87388 144720
1.87888 145792
1.88388 146864
1.88888 147936
1.89388 149008
1.89888 150080
1.90388 151152
1.90888 152224
1.91388 153296
1.91888 154368
1.92388 154904
1.92888 155976
1.93388 157048
1.93888 158120
1.94388 159192
1.94888 160264
1.95388 161336
1.95888 162408
1.96388 163480
1.96888 164552
1.97388 165624
1.97888 166160
1.98388 167232
1.98888 168304
1.99388 169376
1.99888 170448
2.00388 171520
2.00888 172592
2.01388 173664
2.01888 174736
2.02388 175808
2.02888 176880
2.03388 177416
2.03888 178488
2.04388 179560
2.04888 180632
2.05388 181704
2.05888 182776
2.06388 183848
2.06888 184920
2.07388 185992
2.07888 187064
2.08388 188136
2.08888 188672
2.09388 189744
2.09888 190816
2.10388 191888
2.10888 192960
2.11388 194032
2.11888 195104
2.12388 196176
2.12888 197248
2.13388 198320
2.13888 199392
2.14388 199928
2.14888 201000
2.15388 202072
2.15888 203144
2.16388 204216
2.16888 205288
2.17388 206360
2.17888 207432
2.18388 208504
2.18888 209576
2.19388 210648
2.19888 211720
2.20388 212256
2.20888 213328
2.21388 214400
2.21888 215472
2.22388 216544
2.22888 217616
2.23388 218688
2.23888 219760
2.24388 220832
2.24888 221904
2.25388 222976
2.25888 223512
2.26388 224584
2.26888 225656
2.27388 226728
2.27888 227800
2.28388 228872
2.28888 229944
2.29388 231016
2.29888 232088
2.30388 233160
2.30888 234232
2.31388 234768
2.31888 235840
2.32388 236912
2.32888 237984
2.33388 239056
2.33888 240128
2.34388 241200
2.34888 242272
2.35388 243344
2.35888 244416
2.36388 245488
2.36888 246024
2.37388 247096
2.37888 248168
2.38388 249240
2.38888 250312
2.39388 251384
2.39888 252456
2.40388 253528
2.40888 254600
2.41388 255672
2.41888 256744
2.42388 257280
2.42888 258352
2.43388 259424
2.43888 260496
2.44388 261568
2.44888 262640
2.45388 263712
2.45888 264784
2.46388 265856
2.46888 266928
2.47388 268000
2.47888 268536
2.48388 269608
2.48888 270680
2.49388 271752
2.49888 272824
2.50388 273896
2.50888 274968
2.51388 276040
2.51888 277112
2.52388 278184
2.52888 279256
2.53388 280328
2.53888 280864
2.54388 281936
2.54888 283008
2.55388 284080
2.55888 285152
2.56388 286224
2.56888 287296
2.57388 288368
2.57888 289440
2.58388 290512
2.58888 291584
2.59388 292120
2.59888 293192
2.60388 294264
2.60888 295336
2.61388 296408
2.61888 297480
2.62388 298552
2.62888 299624
2.63388 300696
2.63888 301768
2.64388 302840
2.64888 303376
2.65388 304448
2.65888 305520
2.66388 306592
2.66888 307664
2.67388 308736
2.67888 309808
2.68388 310880
2.68888 311952
2.69388 313024
2.69888 314096
2.70388 314632
2.70888 315704
2.71388 316776
2.71888 317848
2.72388 318920
2.72888 319992
2.73388 321064
2.73888 322136
2.74388 323208
2.74888 324280
2.75388 325352
2.75888 325888
2.76388 326960
2.76888 328032
2.77388 329104
2.77888 330176
2.78388 331248
2.78888 332320
2.79388 333392
2.79888 334464
2.80388 335536
2.80888 336608
2.81388 337144
2.81888 338216
2.82388 339288
2.82888 340360
2.83388 341432
2.83888 342504
2.84388 343576
2.84888 344648
2.85388 345720
2.85888 346792
2.86388 347864
2.86888 348936
2.87388 349472
2.87888 350544
2.88388 351616
2.88888 352688
2.89388 353760
2.89888 354832
2.90388 355904
2.90888 356976
2.91388 358048
2.91888 359120
2.92388 360192
2.92888 360728
2.93388 361800
2.93888 362872
2.94388 363944
2.94888 365016
2.95388 366088
2.95888 367160
2.96388 368232
2.96888 369304
2.97388 370376
2.97888 371448
2.98388 371984
2.98888 373056
2.99388 374128
2.99888 375200
3.00388 376272
3.00888 377344
3.01388 378416
3.01888 379488
3.02388 380560
3.02888 381632
3.03388 382704
3.03888 383240
3.04388 384312
3.04888 385384
3.05388 386456
3.05888 387528
3.06388 388600
3.06888 389672
3.07388 390744
3.07888 391816
3.08388 392888
3.08888 393960
3.09388 394496
3.09888 395568
3.10388 396640
3.10888 397712
3.11388 398784
3.11888 399856
3.12388 400928
3.12888 402000
3.13388 403072
3.13888 404144
3.14388 405216
3.14888 405752
3.15388 406824
3.15888 407896
3.16388 408968
3.16888 410040
3.17388 411112
3.17888 412184
3.18388 413256
3.18888 414328
3.19388 415400
3.19888 416472
3.20388 417544
3.20888 418080
3.21388 419152
3.21888 420224
3.22388 421296
3.22888 422368
3.23388 423440
3.23888 424512
3.24388 425584
3.24888 426656
3.25388 427728
3.25888 428800
3.26388 429336
3.26888 430408
3.27388 431480
3.27888 432552
3.28388 433624
3.28888 434696
3.29388 435768
3.29888 436840
3.30388 437912
3.30888 438984
3.31388 440056
3.31888 440592
3.32388 441664
3.32888 442736
3.33388 443808
3.33888 444880
3.34388 445952
3.34888 447024
3.35388 448096
3.35888 449168
3.36388 450240
3.36888 451312
3.37388 451848
3.37888 452920
3.38388 453992
3.38888 455064
3.39388 456136
3.39888 457208
3.40388 458280
3.40888 459352
3.41388 460424
3.41888 461496
3.42388 462568
3.42888 463104
3.43388 464176
3.43888 465248
3.44388 466320
3.44888 467392
3.45388 468464
3.45888 469536
3.46388 470608
3.46888 471680
3.47388 472752
3.47888 473824
3.48388 474360
3.48888 475432
3.49388 476504
3.49888 477576
3.50388 478648
3.50888 479720
3.51388 480792
3.51888 481864
3.52388 482936
3.52888 484008
3.53388 485080
3.53888 486152
3.54388 486688
3.54888 487760
3.55388 488832
3.55888 489904
3.56388 490976
3.56888 492048
3.57388 493120
3.57888 494192
3.58388 495264
3.58888 496336
3.59388 497408
3.59888 497944
3.60388 499016
3.60888 500088
3.61388 501160
3.61888 502232
3.62388 503304
3.62888 504376
3.63388 505448
3.63888 506520
3.64388 507592
3.64888 508664
3.65388 509200
3.65888 510272
3.66388 511344
3.66888 512416
3.67388 513488
3.67888 514560
3.68388 515632
3.68888 516704
3.69388 517776
3.69888 518848
3.70388 519920
3.70888 520456
3.71388 521528
3.71888 522600
3.72388 523672
3.72888 524744
3.73388 525816
3.73888 526888
3.74388 527960
3.74888 529032
3.75388 530104
3.75888 531176
3.76388 531712
3.76888 532784
3.77388 533856
3.77888 534928
3.78388 536000
3.78888 537072
3.79388 538144
3.79888 539216
3.80388 540288
3.80888 541360
3.81388 542432
3.81888 542968
3.82388 544040
3.82888 545112
3.83388 546184
3.83888 547256
3.84388 548328
3.84888 549400
3.85388 550472
3.85888 551544
3.86388 552616
3.86888 553688
3.87388 554760
3.87888 555296
3.88388 556368
3.88888 557440
3.89388 558512
3.89888 559584
3.90388 560656
3.90888 561728
3.91388 562800
3.91888 563872
3.92388 564944
3.92888 566016
3.93388 566552
3.93888 567624
3.94388 568696
3.94888 569768
3.95388 570840
3.95888 571912
3.96388 572984
3.96888 574056
3.97388 575128
3.97888 576200
3.98388 577272
3.98888 577808
3.99388 578880
3.99888 579952
4.00388 581024
4.00888 582096
4.01388 583168
4.01888 584240
4.02388 585312
4.02888 586384
4.03388 587456
4.03888 588528
4.04388 589064
4.04888 590136
4.05388 591208
4.05888 592280
4.06388 593352
4.06888 594424
4.07388 595496
4.07888 596568
4.08388 597640
4.08888 598712
4.09388 599784
4.09888 600320
4.10388 601392
4.10888 602464
4.11388 603536
4.11888 604608
4.12388 605680
4.12888 606752
4.13388 607824
4.13888 608896
4.14388 609968
4.14888 611040
4.15388 611576
4.15888 612648
4.16388 613720
4.16888 614792
4.17388 615864
4.17888 616936
4.18388 618008
4.18888 619080
4.19388 620152
4.19888 621224
4.20388 622296
4.20888 623368
4.21388 623904
4.21888 624976
4.22388 626048
4.22888 627120
4.23388 628192
4.23888 629264
4.24388 630336
4.24888 631408
4.25388 632480
4.25888 633552
4.26388 634624
4.26888 635160
4.27388 636232
4.27888 637304
4.28388 638376
4.28888 639448
4.29388 640520
4.29888 641592
4.30388 642664
4.30888 643736
4.31388 644808
4.31888 645880
4.32388 646416
4.32888 647488
4.33388 648560
4.33888 649632
4.34388 650704
4.34888 651776
4.35388 652848
4.35888 653920
4.36388 654992
4.36888 656064
4.37388 657136
4.37888 657672
4.38388 658744
4.38888 659816
4.39388 660888
4.39888 661960
4.40388 663032
4.40888 664104
4.41388 665176
4.41888 666248
4.42388 667320
4.42888 668392
4.43388 668928
4.43888 670000
4.44388 671072
4.44888 672144
4.45388 673216
4.45888 674288
4.46388 675360
4.46888 676432
4.47388 677504
4.47888 678576
4.48388 679648
4.48888 680184
4.49388 681256
4.49888 682328
4.50388 683400
4.50888 684472
4.51388 685544
4.51888 686616
4.52388 687688
4.52888 688760
4.53388 689832
4.53888 690904
4.54388 691976
4.54888 692512
4.55388 693584
4.55888 694656
4.56388 695728
4.56888 696800
4.57388 697872
4.57888 698944
4.58388 700016
4.58888 701088
4.59388 702160
4.59888 703232
4.60388 703768
4.60888 704840
4.61388 705912
4.61888 706984
4.62388 708056
4.62888 709128
4.63388 710200
4.63888 711272
4.64388 712344
4.64888 713416
4.65388 714488
4.65888 715024
4.66388 716096
4.66888 717168
4.67388 718240
4.67888 719312
4.68388 720384
4.68888 721456
4.69388 722528
4.69888 723600
4.70388 724672
4.70888 725744
4.71388 726280
4.71888 727352
4.72388 728424
4.72888 729496
4.73388 730568
4.73888 731640
4.74388 732712
4.74888 733784
4.75388 734856
4.75888 735928
4.76388 737000
4.76888 737536
4.77388 738608
4.77888 739680
4.78388 740752
4.78888 741824
4.79388 742896
4.79888 743968
4.80388 745040
4.80888 746112
4.81388 747184
4.81888 748256
4.82388 748792
4.82888 749864
4.83388 750936
4.83888 752008
4.84388 753080
4.84888 754152
4.85388 755224
4.85888 756296
4.86388 757368
4.86888 758440
4.87388 759512
4.87888 760584
4.88388 761120
4.88888 762192
4.89388 763264
4.89888 764336
4.90388 765408
4.90888 766480
4.91388 767552
4.91888 768624
4.92388 769696
4.92888 770768
4.93388 771840
4.93888 772376
4.94388 773448
4.94888 774520
4.95388 775592
4.95888 776664
4.96388 777736
4.96888 778808
4.97388 779880
4.97888 780952
4.98388 782024
4.98888 783096
4.99388 783632
4.99888 784704
5.00388 785776
5.00888 786848
5.01388 787920
5.01888 788992
5.02388 790064
5.02888 791136
5.03388 792208
5.03888 793280
5.04388 794352
5.04888 794888
5.05388 795960
5.05888 797032
5.06388 798104
5.06888 799176
5.07388 800248
5.07888 801320
5.08388 802392
5.08888 803464
5.09388 804536
5.09888 805608
5.10388 806144
5.10888 807216
5.11388 808288
5.11888 809360
5.12388 810432
5.12888 811504
5.13388 812576
5.13888 813648
5.14388 814720
5.14888 815792
5.15388 816864
5.15888 817400
5.16388 818472
5.16888 819544
5.17388 820616
5.17888 821688
5.18388 822760
5.18888 823832
5.19388 824904
5.19888 825976
5.20388 827048
5.20888 828120
5.21388 829192
5.21888 829728
5.22388 830800
5.22888 831872
5.23388 832944
5.23888 834016
5.24388 835088
5.24888 836160
5.25388 837232
5.25888 838304
5.26388 839376
5.26888 840448
5.27388 840984
5.27888 842056
5.28388 843128
5.28888 844200
5.29388 845272
5.29888 846344
5.30388 847416
5.30888 848488
5.31388 849560
5.31888 850632
5.32388 851704
5.32888 852240
5.33388 853312
5.33888 854384
5.34388 855456
5.34888 856528
5.35388 857600
5.35888 858672
5.36388 859744
5.36888 860816
5.37388 861888
5.37888 862960
5.38388 863496
5.38888 864568
5.39388 865640
5.39888 866712
5.40388 867784
5.40888 868856
5.41388 869928
5.41888 871000
5.42388 872072
5.42888 873144
5.43388 874216
5.43888 874752
5.44388 875824
5.44888 876896
5.45388 877968
5.45888 879040
5.46388 880112
5.46888 881184
5.47388 882256
5.47888 883328
5.48388 884400
5.48888 885472
5.49388 886008
5.49888 887080
5.50388 888152
5.50888 889224
5.51388 890296
5.51888 891368
5.52388 892440
5.52888 893512
5.53388 894584
5.53888 895656
5.54388 896728
5.54888 897800
5.55388 898336
5.55888 899408
5.56388 900480
5.56888 901552
5.57388 902624
5.57888 903696
5.58388 904768
5.58888 905840
5.59388 906912
5.59888 907984
5.60388 909056
5.60888 909592
5.61388 910664
5.61888 911736
5.62388 912808
5.62888 913880
5.63388 914952
5.63888 916024
5.64388 917096
5.64888 918168
5.65388 919240
5.65888 920312
5.66388 920848
5.66888 921920
5.67388 922992
5.67888 924064
5.68388 925136
5.68888 926208
5.69388 927280
5.69888 928352
5.70388 929424
5.70888 930496
5.71388 931568
5.71888 932104
5.72388 933176
5.72888 934248
5.73388 935320
5.73888 936392
5.74388 937464
5.74888 938536
5.75388 939608
5.75888 940680
5.76388 941752
5.76888 942824
5.77388 943360
5.77888 944432
5.78388 945504
5.78888 946576
5.79388 947648
5.79888 948720
5.80388 949792
5.80888 950864
5.81388 951936
5.81888 953008
5.82388 954080
5.82888 954616
5.83388 955688
5.83888 956760
5.84388 957832
5.84888 958904
5.85388 959976
5.85888 961048
5.86388 962120
5.86888 963192
5.87388 964264
5.87888 965336
5.88388 966408
5.88888 966944
5.89388 968016
5.89888 969088
5.90388 970160
5.90888 971232
5.91388 972304
5.91888 973376
5.92388 974448
5.92888 975520
5.93388 976592
5.93888 977664
5.94388 978200
5.94888 979272
5.95388 980344
5.95888 981416
5.96388 982488
5.96888 983560
5.97388 984632
5.97888 985704
5.98388 986776
5.98888 987848
5.99388 988920
5.99888 989456
6.00388 990528
6.00888 991600
6.01388 992672
6.01888 993744
6.02388 994816
6.02888 995888
6.03388 996960
6.03888 998032
6.04388 999104
6.04888 1000176
6.05388 1000712
6.05888 1001784
6.06388 1002856
6.06888 1003928
6.07388 1005000
6.07888 1006072
6.08388 1007144
6.08888 1008216
6.09388 1009288
6.09888 1010360
6.10388 1011432
6.10888 1011968
6.11388 1013040
6.11888 1014112
6.12388 1015184
6.12888 1016256
6.13388 1017328
6.13888 1018400
6.14388 1019472
6.14888 1020544
6.15388 1021616
6.15888 1022688
6.16388 1023224
6.16888 1024296
6.17388 1025368
6.17888 1026440
6.18388 1027512
6.18888 1028584
6.19388 1029656
6.19888 1030728
6.20388 1031800
6.20888 1032872
6.21388 1033944
6.21888 1035016
6.22388 1035552
6.22888 1036624
6.23388 1037696
6.23888 1038768
6.24388 1039840
6.24888 1040912
6.25388 1041984
6.25888 1043056
6.26388 1044128
6.26888 1045200
6.27388 1046272
6.27888 1046808
6.28388 1047880
6.28888 1048952
6.29388 1050024
6.29888 1051096
6.30388 1052168
6.30888 1053240
6.31388 1054312
6.31888 1055384
6.32388 1056456
6.32888 1057528
6.33388 1058064
6.33888 1059136
6.34388 1060208
6.34888 1061280
6.35388 1062352
6.35888 1063424
6.36388 1064496
6.36888 1065568
6.37388 1066640
6.37888 1067712
6.38388 1068784
6.38888 1069320
6.39388 1070392
6.39888 1071464
6.40388 1072536
6.40888 1073608
6.41388 1074680
6.41888 1075752
6.42388 1076824
6.42888 1077896
6.43388 1078968
6.43888 1080040
6.44388 1080576
6.44888 1081648
6.45388 1082720
6.45888 1083792
6.46388 1084864
6.46888 1085936
6.47388 1087008
6.47888 1088080
6.48388 1089152
6.48888 1090224
6.49388 1091296
6.49888 1091832
6.50388 1092904
6.50888 1093976
6.51388 1095048
6.51888 1096120
6.52388 1097192
6.52888 1098264
6.53388 1099336
6.53888 1100408
6.54388 1101480
6.54888 1102552
6.55388 1103624
6.55888 1104160
6.56388 1105232
6.56888 1106304
6.57388 1107376
6.57888 1108448
6.58388 1109520
6.58888 1110592
6.59388 1111664
6.59888 1112736
6.60388 1113808
6.60888 1114880
6.61388 1115416
6.61888 1116488
6.62388 1117560
6.62888 1118632
6.63388 1119704
6.63888 1120776
6.64388 1121848
6.64888 1122920
6.65388 1123992
6.65888 1125064
6.66388 1126136
6.66888 1126672
6.67388 1127744
6.67888 1128816
6.68388 1129888
6.68888 1130960
6.69388 1132032
6.69888 1133104
6.70388 1134176
6.70888 1135248
6.71388 1136320
6.71888 1137392
6.72388 1137928
6.72888 1139000
6.73388 1140072
6.73888 1141144
6.74388 1142216
6.74888 1143288
6.75388 1144360
6.75888 1145432
6.76388 1146504
6.76888 1147576
6.77388 1148648
6.77888 1149184
6.78388 1150256
6.78888 1151328
6.79388 1152400
6.79888 1153472
6.80388 1154544
6.80888 1155616
6.81388 1156688
6.81888 1157760
6.82388 1158832
6.82888 1159904
6.83388 1160440
6.83888 1161512
6.84388 1162584
6.84888 1163656
6.85388 1164728
6.85888 1165800
6.86388 1166872
6.86888 1167944
6.87388 1169016
6.87888 1170088
6.88388 1171160
6.88888 1172232
6.89388 1172768
6.89888 1173840
6.90388 1174912
6.90888 1175984
6.91388 1177056
6.91888 1178128
6.92388 1179200
6.92888 1180272
6.93388 1181344
6.93888 1182416
6.94388 1183488
6.94888 1184024
6.95388 1185096
6.95888 1186168
6.96388 1187240
6.96888 1188312
6.97388 1189384
6.97888 1190456
6.98388 1191528
6.98888 1192600
6.99388 1193672
6.99888 1194744
7.00388 1195280
7.00888 1196352
7.01388 1197424
7.01888 1198496
7.02388 1199568
7.02888 1200640
7.03388 1201712
7.03888 1202784
7.04388 1203856
7.04888 1204928
7.05388 1206000
7.05888 1206536
7.06388 1207608
7.06888 1208680
7.07388 1209752
7.07888 1210824
7.08388 1211896
7.08888 1212968
7.09388 1214040
7.09888 1215112
7.10388 1216184
7.10888 1217256
7.11388 1217792
7.11888 1218864
7.12388 1219936
7.12888 1221008
7.13388 1222080
7.13888 1223152
7.14388 1224224
7.14888 1225296
7.15388 1226368
7.15888 1227440
7.16388 1228512
7.16888 1229048
7.17388 1230120
7.17888 1231192
7.18388 1232264
7.18888 1233336
7.19388 1234408
7.19888 1235480
7.20388 1236552
7.20888 1237624
7.21388 1238696
7.21888 1239768
7.22388 1240840
7.22888 1241376
7.23388 1242448
7.23888 1243520
7.24388 1244592
7.24888 1245664
7.25388 1246736
7.25888 1247808
7.26388 1248880
7.26888 1249952
7.27388 1251024
7.27888 1252096
7.28388 1252632
7.28888 1253704
7.29388 1254776
7.29888 1255848
7.30388 1256920
7.30888 1257992
7.31388 1259064
7.31888 1260136
7.32388 1261208
7.32888 1262280
7.33388 1263352
7.33888 1263888
7.34388 1264960
7.34888 1266032
7.35388 1267104
7.35888 1268176
7.36388 1269248
7.36888 1270320
7.37388 1271392
7.37888 1272464
7.38388 1273536
7.38888 1274608
7.39388 1275144
7.39888 1276216
7.40388 1277288
7.40888 1278360
7.41388 1279432
7.41888 1280504
7.42388 1281576
7.42888 1282648
7.43388 1283720
7.43888 1284792
7.44388 1285864
7.44888 1286400
7.45388 1287472
7.45888 1288544
7.46388 1289616
7.46888 1290688
7.47388 1291760
7.47888 1292832
7.48388 1293904
7.48888 1294976
7.49388 1296048
7.49888 1297120
7.50388 1297656
7.50888 1298728
7.51388 1299800
7.51888 1300872
7.52388 1301944
7.52888 1303016
7.53388 1304088
7.53888 1305160
7.54388 1306232
7.54888 1307304
7.55388 1308376
7.55888 1309448
7.56388 1309984
7.56888 1311056
7.57388 1312128
7.57888 1313200
7.58388 1314272
7.58888 1315344
7.59388 1316416
7.59888 1317488
7.60388 1318560
7.60888 1319632
7.61388 1320704
7.61888 1321240
7.62388 1322312
7.62888 1323384
7.63388 1324456
7.63888 1325528
7.64388 1326600
7.64888 1327672
7.65388 1328744
7.65888 1329816
7.66388 1330888
7.66888 1331960
7.67388 1332496
7.67888 1333568
7.68388 1334640
7.68888 1335712
7.69388 1336784
7.69888 1337856
7.70388 1338928
7.70888 1340000
7.71388 1341072
7.71888 1342144
7.72388 1343216
7.72888 1343752
7.73388 1344824
7.73888 1345896
7.74388 1346968
7.74888 1348040
7.75388 1349112
7.75888 1350184
7.76388 1351256
7.76888 1352328
7.77388 1353400
7.77888 1354472
7.78388 1355008
7.78888 1356080
7.79388 1357152
7.79888 1358224
7.80388 1359296
7.80888 1360368
7.81388 1361440
7.81888 1362512
7.82388 1363584
7.82888 1364656
7.83388 1365728
7.83888 1366264
7.84388 1367336
7.84888 1368408
7.85388 1369480
7.85888 1370552
7.86388 1371624
7.86888 1372696
7.87388 1373768
7.87888 1374840
7.88388 1375912
7.88888 1376984
7.89388 1378056
7.89888 1378592
7.90388 1379664
7.90888 1380736
7.91388 1381808
7.91888 1382880
7.92388 1383952
7.92888 1385024
7.93388 1386096
7.93888 1387168
7.94388 1388240
7.94888 1389312
7.95388 1389848
7.95888 1390920
7.96388 1391992
7.96888 1393064
7.97388 1394136
7.97888 1395208
7.98388 1396280
7.98888 1397352
7.99388 1398424
7.99888 1399496
8.00388 1400568
8.00888 1401104
8.01388 1402176
8.01888 1403248
8.02388 1404320
8.02888 1405392
8.03388 1406464
8.03888 1407536
8.04388 1408608
8.04888 1409680
8.05388 1410752
8.05888 1411824
8.06388 1412360
8.06888 1413432
8.07388 1414504
8.07888 1415576
8.08388 1416648
8.08888 1417720
8.09388 1418792
8.09888 1419864
8.10388 1420936
8.10888 1422008
8.11388 1423080
8.11888 1423616
8.12388 1424688
8.12888 1425760
8.13388 1426832
8.13888 1427904
8.14388 1428976
8.14888 1430048
8.15388 1431120
8.15888 1432192
8.16388 1433264
8.16888 1434336
8.17388 1434872
8.17888 1435944
8.18388 1437016
8.18888 1438088
8.19388 1439160
8.19888 1440232
8.20388 1441304
8.20888 1442376
8.21388 1443448
8.21888 1444520
8.22388 1445592
8.22888 1446664
8.23388 1447200
8.23888 1448272
8.24388 1449344
8.24888 1450416
8.25388 1451488
8.25888 1452560
8.26388 1453632
8.26888 1454704
8.27388 1455776
8.27888 1456848
8.28388 1457920
8.28888 1458456
8.29388 1459528
8.29888 1460600
8.30388 1461672
8.30888 1462744
8.31388 1463816
8.31888 1464888
8.32388 1465960
8.32888 1467032
8.33388 1468104
8.33888 1469176
8.34388 1469712
8.34888 1470784
8.35388 1471856
8.35888 1472928
8.36388 1474000
8.36888 1475072
8.37388 1476144
8.37888 1477216
8.38388 1478288
8.38888 1479360
8.39388 1480432
8.39888 1480968
8.40388 1482040
8.40888 1483112
8.41388 1484184
8.41888 1485256
8.42388 1486328
8.42888 1487400
8.43388 1488472
8.43888 1489544
8.44388 1490616
8.44888 1491688
8.45388 1492224
8.45888 1493296
8.46388 1494368
8.46888 1495440
8.47388 1496512
8.47888 1497584
8.48388 1498656
8.48888 1499728
8.49388 1500800
8.49888 1501872
8.50388 1502944
8.50888 1503480
8.51388 1504552
8.51888 1505624
8.52388 1506696
8.52888 1507768
8.53388 1508840
8.53888 1509912
8.54388 1510984
8.54888 1512056
8.55388 1513128
8.55888 1514200
8.56388 1515272
8.56888 1515808
8.57388 1516880
8.57888 1517952
8.58388 1519024
8.58888 1520096
8.59388 1521168
8.59888 1522240
8.60388 1523312
8.60888 1524384
8.61388 1525456
8.61888 1526528
8.62388 1527064
8.62888 1528136
8.63388 1529208
8.63888 1530280
8.64388 1531352
8.64888 1532424
8.65388 1533496
8.65888 1534568
8.66388 1535640
8.66888 1536712
8.67388 1537784
8.67888 1538320
8.68388 1539392
8.68888 1540464
8.69388 1541536
8.69888 1542608
8.70388 1543680
8.70888 1544752
8.71388 1545824
8.71888 1546896
8.72388 1547968
8.72888 1549040
8.73388 1549576
8.73888 1550648
8.74388 1551720
8.74888 1552792
8.75388 1553864
8.75888 1554936
8.76388 1556008
8.76888 1557080
8.77388 1558152
8.77888 1559224
8.78388 1560296
8.78888 1560832
8.79388 1561904
8.79888 1562976
8.80388 1564048
8.80888 1565120
8.81388 1566192
8.81888 1567264
8.82388 1568336
8.82888 1569408
8.83388 1570480
8.83888 1571552
8.84388 1572088
8.84888 1573160
8.85388 1574232
8.85888 1575304
8.86388 1576376
8.86888 1577448
8.87388 1578520
8.87888 1579592
8.88388 1580664
8.88888 1581736
8.89388 1582808
8.89888 1583880
8.90388 1584416
8.90888 1585488
8.91388 1586560
8.91888 1587632
8.92388 1588704
8.92888 1589776
8.93388 1590848
8.93888 1591920
8.94388 1592992
8.94888 1594064
8.95388 1595136
8.95888 1595672
8.96388 1596744
8.96888 1597816
8.97388 1598888
8.97888 1599960
8.98388 1601032
8.98888 1602104
8.99388 1603176
8.99888 1604248
9.00388 1605320
9.00888 1606392
9.01388 1606928
9.01888 1608000
9.02388 1609072
9.02888 1610144
9.03388 1611216
9.03888 1612288
9.04388 1613360
9.04888 1614432
9.05388 1615504
9.05888 1616576
9.06388 1617648
9.06888 1618184
9.07388 1619256
9.07888 1620328
9.08388 1621400
9.08888 1622472
9.09388 1623544
9.09888 1624616
9.10388 1625688
9.10888 1626760
9.11388 1627832
9.11888 1628904
9.12388 1629440
9.12888 1630512
9.13388 1631584
9.13888 1632656
9.14388 1633728
9.14888 1634800
9.15388 1635872
9.15888 1636944
9.16388 1638016
9.16888 1639088
9.17388 1640160
9.17888 1640696
9.18388 1641768
9.18888 1642840
9.19388 1643912
9.19888 1644984
9.20388 1646056
9.20888 1647128
9.21388 1648200
9.21888 1649272
9.22388 1650344
9.22888 1651416
9.23388 1652488
9.23888 1653024
9.24388 1654096
9.24888 1655168
9.25388 1656240
9.25888 1657312
9.26388 1658384
9.26888 1659456
9.27388 1660528
9.27888 1661600
9.28388 1662672
9.28888 1663744
9.29388 1664280
9.29888 1665352
9.30388 1666424
9.30888 1667496
9.31388 1668568
9.31888 1669640
9.32388 1670712
9.32888 1671784
9.33388 1672856
9.33888 1673928
9.34388 1675000
9.34888 1675536
9.35388 1676608
9.35888 1677680
9.36388 1678752
9.36888 1679824
9.37388 1680896
9.37888 1681968
9.38388 1683040
9.38888 1684112
9.39388 1685184
9.39888 1686256
9.40388 1686792
9.40888 1687864
9.41388 1688936
9.41888 1690008
9.42388 1691080
9.42888 1692152
9.43388 1693224
9.43888 1694296
9.44388 1695368
9.44888 1696440
9.45388 1697512
9.45888 1698048
9.46388 1699120
9.46888 1700192
9.47388 1701264
9.47888 1702336
9.48388 1703408
9.48888 1704480
9.49388 1705552
9.49888 1706624
9.50388 1707696
9.50888 1708768
9.51388 1709304
9.51888 1710376
9.52388 1711448
9.52888 1712520
9.53388 1713592
9.53888 1714664
9.54388 1715736
9.54888 1716808
9.55388 1717880
9.55888 1718952
9.56388 1720024
9.56888 1721096
9.57388 1721632
9.57888 1722704
9.58388 1723776
9.58888 1724848
9.59388 1725920
9.59888 1726992
9.60388 1728064
9.60888 1729136
9.61388 1730208
9.61888 1731280
9.62388 1732352
9.62888 1732888
9.63388 1733960
9.63888 1735032
9.64388 1736104
9.64888 1737176
9.65388 1738248
9.65888 1739320
9.66388 1740392
9.66888 1741464
9.67388 1742536
9.67888 1743608
9.68388 1744144
9.68888 1745216
9.69388 1746288
9.69888 1747360
9.70388 1748432
9.70888 1749504
9.71388 1750576
9.71888 1751648
9.72388 1752720
9.72888 1753792
9.73388 1754864
9.73888 1755400
9.74388 1756472
9.74888 1757544
9.75388 1758616
9.75888 1759688
9.76388 1760760
9.76888 1761832
9.77388 1762904
9.77888 1763976
9.78388 1765048
9.78888 1766120
9.79388 1766656
9.79888 1767728
9.80388 1768800
9.80888 1769872
9.81388 1770944
9.81888 1772016
9.82388 1773088
9.82888 1774160
9.83388 1775232
9.83888 1776304
9.84388 1777376
9.84888 1777912
9.85388 1778984
9.85888 1780056
9.86388 1781128
9.86888 1782200
9.87388 1783272
9.87888 1784344
9.88388 1785416
9.88888 1786488
9.89388 1787560
9.89888 1788632
9.90388 1789704
9.90888 1790240
9.91388 1791312
9.91888 1792384
9.92388 1793456
9.92888 1794528
9.93388 1795600
9.93888 1796672
9.94388 1797744
9.94888 1798816
9.95388 1799888
9.95888 1800960
9.96388 1801496
9.96888 1802568
9.97388 1803640
9.97888 1804712
9.98388 1805784
9.98888 1806856
9.99388 1807928
9.99888 1809000
10.0039 1810072
10.0089 1811144
10.0139 1812216
10.0189 1812752
10.0239 1813824
10.0289 1814896
10.0339 1815968
10.0389 1817040
10.0439 1818112
10.0489 1819184
10.0539 1820256
10.0589 1821328
10.0639 1822400
10.0689 1823472
10.0739 1824008
10.0789 1825080
10.0839 1826152
10.0889 1827224
10.0939 1828296
10.0989 1829368
10.1039 1830440
10.1089 1831512
10.1139 1832584
10.1189 1833656
10.1239 1834728
10.1289 1835264
10.1339 1836336
10.1389 1837408
10.1439 1838480
10.1489 1839552
10.1539 1840624
10.1589 1841696
10.1639 1842768
10.1689 1843840
10.1739 1844912
10.1789 1845984
10.1839 1846520
10.1889 1847592
10.1939 1848664
10.1989 1849736
10.2039 1850808
10.2089 1851880
10.2139 1852952
10.2189 1854024
10.2239 1855096
10.2289 1856168
10.2339 1857240
10.2389 1858312
10.2439 1858848
10.2489 1859920
10.2539 1860992
10.2589 1862064
10.2639 1863136
10.2689 1864208
10.2739 1865280
10.2789 1866352
10.2839 1867424
10.2889 1868496
10.2939 1869568
10.2989 1870104
10.3039 1871176
10.3089 1872248
10.3139 1873320
10.3189 1874392
10.3239 1875464
10.3289 1876536
10.3339 1877608
10.3389 1878680
10.3439 1879752
10.3489 1880824
10.3539 1881360
10.3589 1882432
10.3639 1883504
10.3689 1884576
10.3739 1885648
10.3789 1886720
10.3839 1887792
10.3889 1888864
10.3939 1889936
10.3989 1891008
10.4039 1892080
10.4089 1892616
10.4139 1893688
10.4189 1894760
10.4239 1895832
10.4289 1896904
10.4339 1897976
10.4389 1899048
10.4439 1900120
10.4489 1901192
10.4539 1902264
10.4589 1903336
10.4639 1903872
10.4689 1904944
10.4739 1906016
10.4789 1907088
10.4839 1908160
10.4889 1909232
10.4939 1910304
10.4989 1911376
10.5039 1912448
10.5089 1913520
10.5139 1914592
10.5189 1915128
10.5239 1916200
10.5289 1917272
10.5339 1918344
10.5389 1919416
10.5439 1920488
10.5489 1921560
10.5539 1922632
10.5589 1923704
10.5639 1924776
10.5689 1925848
10.5739 1926920
10.5789 1927456
10.5839 1928528
10.5889 1929600
10.5939 1930672
10.5989 1931744
10.6039 1932816
10.6089 1933888
10.6139 1934960
10.6189 1936032
10.6239 1937104
10.6289 1938176
10.6339 1938712
10.6389 1939784
10.6439 1940856
10.6489 1941928
10.6539 1943000
10.6589 1944072
10.6639 1945144
10.6689 1946216
10.6739 1947288
10.6789 1948360
10.6839 1949432
10.6889 1949968
10.6939 1951040
10.6989 1952112
10.7039 1953184
10.7089 1954256
10.7139 1955328
10.7189 1956400
10.7239 1957472
10.7289 1958544
10.7339 1959616
10.7389 1960688
10.7439 1961224
10.7489 1962296
10.7539 1963368
10.7589 1964440
10.7639 1965512
10.7689 1966584
10.7739 1967656
10.7789 1968728
10.7839 1969800
10.7889 1970872
10.7939 1971944
10.7989 1972480
10.8039 1973552
10.8089 1974624
10.8139 1975696
10.8189 1976768
10.8239 1977840
10.8289 1978912
10.8339 1979984
10.8389 1981056
10.8439 1982128
10.8489 1983200
10.8539 1983736
10.8589 1984808
10.8639 1985880
10.8689 1986952
10.8739 1988024
10.8789 1989096
10.8839 1990168
10.8889 1991240
10.8939 1992312
10.8989 1993384
10.9039 1994456
10.9089 1995528
10.9139 1996064
10.9189 1997136
10.9239 1998208
10.9289 1999280
10.9339 2000352
10.9389 2001424
10.9439 2002496
10.9489 2003568
10.9539 2004640
10.9589 2005712
10.9639 2006784
10.9689 2007320
10.9739 2008392
10.9789 2009464
10.9839 2010536
10.9889 2011608
10.9939 2012680
10.9989 2013752
11.0039 2014824
11.0089 2015896
11.0139 2016968
11.0189 2018040
11.0239 2018576
11.0289 2019648
11.0339 2020720
11.0389 2021792
11.0439 2022864
11.0489 2023936
11.0539 2025008
11.0589 2026080
11.0639 2027152
11.0689 2028224
11.0739 2029296
11.0789 2029832
11.0839 2030904
11.0889 2031976
11.0939 2033048
11.0989 2034120
11.1039 2035192
11.1089 2036264
11.1139 2037336
11.1189 2038408
11.1239 2039480
11.1289 2040552
11.1339 2041088
11.1389 2042160
11.1439 2043232
11.1489 2044304
11.1539 2045376
11.1589 2046448
11.1639 2047520
11.1689 2048592
11.1739 2049664
11.1789 2050736
11.1839 2051808
11.1889 2052344
11.1939 2053416
11.1989 2054488
11.2039 2055560
11.2089 2056632
11.2139 2057704
11.2189 2058776
11.2239 2059848
11.2289 2060920
11.2339 2061992
11.2389 2063064
11.2439 2064136
11.2489 2064672
11.2539 2065744
11.2589 2066816
11.2639 2067888
11.2689 2068960
11.2739 2070032
11.2789 2071104
11.2839 2072176
11.2889 2073248
11.2939 2074320
11.2989 2075392
11.3039 2075928
11.3089 2077000
11.3139 2078072
11.3189 2079144
11.3239 2080216
11.3289 2081288
11.3339 2082360
11.3389 2083432
11.3439 2084504
11.3489 2085576
11.3539 2086648
11.3589 2087184
11.3639 2088256
11.3689 2089328
11.3739 2090400
11.3789 2091472
11.3839 2092544
11.3889 2093616
11.3939 2094688
11.3989 2095760
11.4039 2096832
11.4089 2097904
11.4139 2098440
11.4189 2099512
11.4239 2100584
11.4289 2101656
11.4339 2102728
11.4389 2103800
11.4439 2104872
11.4489 2105944
11.4539 2107016
11.4589 2108088
11.4639 2109160
11.4689 2109696
11.4739 2110768
11.4789 2111840
11.4839 2112912
11.4889 2113984
11.4939 2115056
11.4989 2116128
11.5039 2117200
11.5089 2118272
11.5139 2119344
11.5189 2120416
11.5239 2120952
11.5289 2122024
11.5339 2123096
11.5389 2124168
11.5439 2125240
11.5489 2126312
11.5539 2127384
11.5589 2128456
11.5639 2129528
11.5689 2130600
11.5739 2131672
11.5789 2132744
11.5839 2133280
11.5889 2134352
11.5939 2135424
11.5989 2136496
11.6039 2137568
11.6089 2138640
11.6139 2139712
11.6189 2140784
11.6239 2141856
11.6289 2142928
11.6339 2144000
11.6389 2144536
11.6439 2145608
11.6489 2146680
11.6539 2147752
11.6589 2148824
11.6639 2149896
11.6689 2150968
11.6739 2152040
11.6789 2153112
11.6839 2154184
11.6889 2155256
11.6939 2155792
11.6989 2156864
11.7039 2157936
11.7089 2159008
11.7139 2160080
11.7189 2161152
11.7239 2162224
11.7289 2163296
11.7339 2164368
11.7389 2165440
11.7439 2166512
11.7489 2167048
11.7539 2168120
11.7589 2169192
11.7639 2170264
11.7689 2171336
11.7739 2172408
11.7789 2173480
11.7839 2174552
11.7889 2175624
11.7939 2176696
11.7989 2177768
11.8039 2178304
11.8089 2179376
11.8139 2180448
11.8189 2181520
11.8239 2182592
11.8289 2183664
11.8339 2184736
11.8389 2185808
11.8439 2186880
11.8489 2187952
11.8539 2189024
11.8589 2189560
11.8639 2190632
11.8689 2191704
11.8739 2192776
11.8789 2193848
11.8839 2194920
11.8889 2195992
11.8939 2197064
11.8989 2198136
11.9039 2199208
11.9089 2200280
11.9139 2201352
11.9189 2201888
11.9239 2202960
11.9289 2204032
11.9339 2205104
11.9389 2206176
11.9439 2207248
11.9489 2208320
11.9539 2209392
11.9589 2210464
11.9639 2211536
11.9689 2212608
11.9739 2213144
11.9789 2214216
11.9839 2215288
11.9889 2216360
11.9939 2217432
11.9989 2218504
12.0039 2219576
12.0089 2220648
12.0139 2221720
12.0189 2222792
12.0239 2223864
12.0289 2224400
12.0339 2225472
12.0389 2226544
12.0439 2227616
12.0489 2228688
12.0539 2229760
12.0589 2230832
12.0639 2231904
12.0689 2232976
12.0739 2234048
12.0789 2235120
12.0839 2235656
12.0889 2236728
12.0939 2237800
12.0989 2238872
12.1039 2239944
12.1089 2241016
12.1139 2242088
12.1189 2243160
12.1239 2244232
12.1289 2245304
12.1339 2246376
12.1389 2246912
12.1439 2247984
12.1489 2249056
12.1539 2250128
12.1589 2251200
12.1639 2252272
12.1689 2253344
12.1739 2254416
12.1789 2255488
12.1839 2256560
12.1889 2257632
12.1939 2258168
12.1989 2259240
12.2039 2260312
12.2089 2261384
12.2139 2262456
12.2189 2263528
12.2239 2264600
12.2289 2265672
12.2339 2266744
12.2389 2267816
12.2439 2268888
12.2489 2269960
12.2539 2270496
12.2589 2271568
12.2639 2272640
12.2689 2273712
12.2739 2274784
12.2789 2275856
12.2839 2276928
12.2889 2278000
12.2939 2279072
12.2989 2280144
12.3039 2281216
12.3089 2281752
12.3139 2282824
12.3189 2283896
12.3239 2284968
12.3289 2286040
12.3339 2287112
12.3389 2288184
12.3439 2289256
12.3489 2290328
12.3539 2291400
12.3589 2292472
12.3639 2293008
12.3689 2294080
12.3739 2295152
12.3789 2296224
12.3839 2297296
12.3889 2298368
12.3939 2299440
12.3989 2300512
12.4039 2301584
12.4089 2302656
12.4139 2303728
12.4189 2304264
12.4239 2305336
12.4289 2306408
12.4339 2307480
12.4389 2308552
12.4439 2309624
12.4489 2310696
12.4539 2311768
12.4589 2312840
12.4639 2313912
12.4689 2314984
12.4739 2315520
12.4789 2316592
12.4839 2317664
12.4889 2318736
12.4939 2319808
12.4989 2320880
12.5039 2321952
12.5089 2323024
12.5139 2324096
12.5189 2325168
12.5239 2326240
12.5289 2326776
12.5339 2327848
12.5389 2328920
12.5439 2329992
12.5489 2331064
12.5539 2332136
12.5589 2333208
12.5639 2334280
12.5689 2335352
12.5739 2336424
12.5789 2337496
12.5839 2338568
12.5889 2339104
12.5939 2340176
12.5989 2341248
12.6039 2342320
12.6089 2343392
12.6139 2344464
12.6189 2345536
12.6239 2346608
12.6289 2347680
12.6339 2348752
12.6389 2349824
12.6439 2350360
12.6489 2351432
12.6539 2352504
12.6589 2353576
12.6639 2354648
12.6689 2355720
12.6739 2356792
12.6789 2357864
12.6839 2358936
12.6889 2360008
12.6939 2361080
12.6989 2361616
12.7039 2362688
12.7089 2363760
12.7139 2364832
12.7189 2365904
12.7239 2366976
12.7289 2368048
12.7339 2369120
12.7389 2370192
12.7439 2371264
12.7489 2372336
12.7539 2372872
12.7589 2373944
12.7639 2375016
12.7689 2376088
12.7739 2377160
12.7789 2378232
12.7839 2379304
12.7889 2380376
12.7939 2381448
12.7989 2382520
12.8039 2383592
12.8089 2384128
12.8139 2385200
12.8189 2386272
12.8239 2387344
12.8289 2388416
12.8339 2389488
12.8389 2390560
12.8439 2391632
12.8489 2392704
12.8539 2393776
12.8589 2394848
12.8639 2395384
12.8689 2396456
12.8739 2397528
12.8789 2398600
12.8839 2399672
12.8889 2400744
12.8939 2401816
12.8989 2402888
12.9039 2403960
12.9089 2405032
12.9139 2406104
12.9189 2407176
12.9239 2407712
12.9289 2408784
12.9339 2409856
12.9389 2410928
12.9439 2412000
12.9489 2413072
12.9539 2414144
12.9589 2415216
12.9639 2416288
12.9689 2417360
12.9739 2418432
12.9789 2418968
12.9839 2420040
12.9889 2421112
12.9939 2422184
12.9989 2423256
13.0039 2424328
13.0089 2425400
13.0139 2426472
13.0189 2427544
13.0239 2428616
13.0289 2429688
13.0339 2430224
13.0389 2431296
13.0439 2432368
13.0489 2433440
13.0539 2434512
13.0589 2435584
13.0639 2436656
13.0689 2437728
13.0739 2438800
13.0789 2439872
13.0839 2440944
13.0889 2441480
13.0939 2442552
13.0989 2443624
13.1039 2444696
13.1089 2445768
13.1139 2446840
13.1189 2447912
13.1239 2448984
13.1289 2450056
13.1339 2451128
13.1389 2452200
13.1439 2452736
13.1489 2453808
13.1539 2454880
13.1589 2455952
13.1639 2457024
13.1689 2458096
13.1739 2459168
13.1789 2460240
13.1839 2461312
13.1889 2462384
13.1939 2463456
13.1989 2463992
13.2039 2465064
13.2089 2466136
13.2139 2467208
13.2189 2468280
13.2239 2469352
13.2289 2470424
13.2339 2471496
13.2389 2472568
13.2439 2473640
13.2489 2474712
13.2539 2475784
13.2589 2476320
13.2639 2477392
13.2689 2478464
13.2739 2479536
13.2789 2480608
13.2839 2481680
13.2889 2482752
13.2939 2483824
13.2989 2484896
13.3039 2485968
13.3089 2487040
13.3139 2487576
13.3189 2488648
13.3239 2489720
13.3289 2490792
13.3339 2491864
13.3389 2492936
13.3439 2494008
13.3489 2495080
13.3539 2496152
13.3589 2497224
13.3639 2498296
13.3689 2498832
13.3739 2499904
13.3789 2500976
13.3839 2502048
13.3889 2503120
13.3939 2504192
13.3989 2505264
13.4039 2506336
13.4089 2507408
13.4139 2508480
13.4189 2509552
13.4239 2510088
13.4289 2511160
13.4339 2512232
13.4389 2513304
13.4439 2514376
13.4489 2515448
13.4539 2516520
13.4589 2517592
13.4639 2518664
13.4689 2519736
13.4739 2520808
13.4789 2521344
13.4839 2522416
13.4889 2523488
13.4939 2524560
13.4989 2525632
13.5039 2526704
13.5089 2527776
13.5139 2528848
13.5189 2529920
13.5239 2530992
13.5289 2532064
13.5339 2532600
13.5389 2533672
13.5439 2534744
13.5489 2535816
13.5539 2536888
13.5589 2537960
13.5639 2539032
13.5689 2540104
13.5739 2541176
13.5789 2542248
13.5839 2543320
13.5889 2544392
13.5939 2544928
13.5989 2546000
13.6039 2547072
13.6089 2548144
13.6139 2549216
13.6189 2550288
13.6239 2551360
13.6289 2552432
13.6339 2553504
13.6389 2554576
13.6439 2555648
13.6489 2556184
13.6539 2557256
13.6589 2558328
13.6639 2559400
13.6689 2560472
13.6739 2561544
13.6789 2562616
13.6839 2563688
13.6889 2564760
13.6939 2565832
13.6989 2566904
13.7039 2567440
13.7089 2568512
13.7139 2569584
13.7189 2570656
13.7239 2571728
13.7289 2572800
13.7339 2573872
13.7389 2574944
13.7439 2576016
13.7489 2577088
13.7539 2578160
13.7589 2578696
13.7639 2579768
13.7689 2580840
13.7739 2581912
13.7789 2582984
13.7839 2584056
13.7889 2585128
13.7939 2586200
13.7989 2587272
13.8039 2588344
13.8089 2589416
13.8139 2589952
13.8189 2591024
13.8239 2592096
13.8289 2593168
13.8339 2594240
13.8389 2595312
13.8439 2596384
13.8489 2597456
13.8539 2598528
13.8589 2599600
13.8639 2600672
13.8689 2601208
13.8739 2602280
13.8789 2603352
13.8839 2604424
13.8889 2605496
13.8939 2606568
13.8989 2607640
13.9039 2608712
13.9089 2609784
13.9139 2610856
13.9189 2611928
13.9239 2613000
13.9289 2613536
13.9339 2614608
13.9389 2615680
13.9439 2616752
13.9489 2617824
13.9539 2618896
13.9589 2619968
13.9639 2621040
13.9689 2622112
13.9739 2623184
13.9789 2624256
13.9839 2624792
13.9889 2625864
13.9939 2626936
13.9989 2628008
14.0039 2629080
14.0089 2630152
14.0139 2631224
14.0189 2632296
14.0239 2633368
14.0289 2634440
14.0339 2635512
14.0389 2636048
14.0439 2637120
14.0489 2638192
14.0539 2639264
14.0589 2640336
14.0639 2641408
14.0689 2642480
14.0739 2643552
14.0789 2644624
14.0839 2645696
14.0889 2646768
14.0939 2647304
14.0989 2648376
14.1039 2649448
14.1089 2650520
14.1139 2651592
14.1189 2652664
14.1239 2653736
14.1289 2654808
14.1339 2655880
14.1389 2656952
14.1439 2658024
14.1489 2658560
14.1539 2659632
14.1589 2660704
14.1639 2661776
14.1689 2662848
14.1739 2663920
14.1789 2664992
14.1839 2666064
14.1889 2667136
14.1939 2668208
14.1989 2669280
14.2039 2669816
14.2089 2670888
14.2139 2671960
14.2189 2673032
14.2239 2674104
14.2289 2675176
14.2339 2676248
14.2389 2677320
14.2439 2678392
14.2489 2679464
14.2539 2680536
14.2589 2681608
14.2639 2682144
14.2689 2683216
14.2739 2684288
14.2789 2685360
14.2839 2686432
14.2889 2687504
14.2939 2688576
14.2989 2689648
14.3039 2690720
14.3089 2691792
14.3139 2692864
14.3189 2693400
14.3239 2694472
14.3289 2695544
14.3339 2696616
14.3389 2697688
14.3439 2698760
14.3489 2699832
14.3539 2700904
14.3589 2701976
14.3639 2703048
14.3689 2704120
14.3739 2704656
14.3789 2705728
14.3839 2706800
14.3889 2707872
14.3939 2708944
14.3989 2710016
14.4039 2711088
14.4089 2712160
14.4139 2713232
14.4189 2714304
14.4239 2715376
14.4289 2715912
14.4339 2716984
14.4389 2718056
14.4439 2719128
14.4489 2720200
14.4539 2721272
14.4589 2722344
14.4639 2723416
14.4689 2724488
14.4739 2725560
14.4789 2726632
14.4839 2727168
14.4889 2728240
14.4939 2729312
14.4989 2730384
14.5039 2731456
14.5089 2732528
14.5139 2733600
14.5189 2734672
14.5239 2735744
14.5289 2736816
14.5339 2737888
14.5389 2738424
14.5439 2739496
14.5489 2740568
14.5539 2741640
14.5589 2742712
14.5639 2743784
14.5689 2744856
14.5739 2745928
14.5789 2747000
14.5839 2748072
14.5889 2749144
14.5939 2750216
14.5989 2750752
14.6039 2751824
14.6089 2752896
14.6139 2753968
14.6189 2755040
14.6239 2756112
14.6289 2757184
14.6339 2758256
14.6389 2759328
14.6439 2760400
14.6489 2761472
14.6539 2762008
14.6589 2763080
14.6639 2764152
14.6689 2765224
14.6739 2766296
14.6789 2767368
14.6839 2768440
14.6889 2769512
14.6939 2770584
14.6989 2771656
14.7039 2772728
14.7089 2773264
14.7139 2774336
14.7189 2775408
14.7239 2776480
14.7289 2777552
14.7339 2778624
14.7389 2779696
14.7439 2780768
14.7489 2781840
14.7539 2782912
14.7589 2783984
14.7639 2784520
14.7689 2785592
14.7739 2786664
14.7789 2787736
14.7839 2788808
14.7889 2789880
14.7939 2790952
14.7989 2792024
14.8039 2793096
14.8089 2794168
14.8139 2795240
14.8189 2795776
14.8239 2796848
14.8289 2797920
14.8339 2798992
14.8389 2800064
14.8439 2801136
14.8489 2802208
14.8539 2803280
14.8589 2804352
14.8639 2805424
14.8689 2806496
14.8739 2807032
14.8789 2808104
14.8839 2809176
14.8889 2810248
14.8939 2811320
14.8989 2812392
14.9039 2813464
14.9089 2814536
14.9139 2815608
14.9189 2816680
14.9239 2817752
14.9289 2818824
14.9339 2819360
14.9389 2820432
14.9439 2821504
14.9489 2822576
14.9539 2823648
14.9589 2824720
14.9639 2825792
14.9689 2826864
14.9739 2827936
14.9789 2829008
14.9839 2830080
14.9889 2830616
14.9939 2831688
14.9989 2832760
15.0039 2833832
15.0089 2834904
15.0139 2835976
15.0189 2837048
15.0239 2838120
15.0289 2839192
15.0339 2840264
15.0389 2841336
15.0439 2841872
15.0489 2842944
15.0539 2844016
15.0589 2845088
15.0639 2846160
15.0689 2847232
15.0739 2848304
15.0789 2849376
15.0839 2850448
15.0889 2851520
15.0939 2852592
15.0989 2853128
15.1039 2854200
15.1089 2855272
15.1139 2856344
15.1189 2857416
15.1239 2858488
15.1289 2859560
15.1339 2860632
15.1389 2861704
15.1439 2862776
15.1489 2863848
15.1539 2864384
15.1589 2865456
15.1639 2866528
15.1689 2867600
15.1739 2868672
15.1789 2869744
15.1839 2870816
15.1889 2871888
15.1939 2872960
15.1989 2874032
15.2039 2875104
15.2089 2875640
15.2139 2876712
15.2189 2877784
15.2239 2878856
15.2289 2879928
15.2339 2881000
15.2389 2882072
15.2439 2883144
15.2489 2884216
15.2539 2885288
15.2589 2886360
15.2639 2887432
15.2689 2887968
15.2739 2889040
15.2789 2890112
15.2839 2891184
15.2889 2892256
15.2939 2893328
15.2989 2894400
15.3039 2895472
15.3089 2896544
15.3139 2897616
15.3189 2898688
15.3239 2899224
15.3289 2900296
15.3339 2901368
15.3389 2902440
15.3439 2903512
15.3489 2904584
15.3539 2905656
15.3589 2906728
15.3639 2907800
15.3689 2908872
15.3739 2909944
15.3789 2910480
15.3839 2911552
15.3889 2912624
15.3939 2913696
15.3989 2914768
15.4039 2915840
15.4089 2916912
15.4139 2917984
15.4189 2919056
15.4239 2920128
15.4289 2921200
15.4339 2921736
15.4389 2922808
15.4439 2923880
15.4489 2924952
15.4539 2926024
15.4589 2927096
15.4639 2928168
15.4689 2929240
15.4739 2930312
15.4789 2931384
15.4839 2932456
15.4889 2932992
15.4939 2934064
15.4989 2935136
15.5039 2936208
15.5089 2937280
15.5139 2938352
15.5189 2939424
15.5239 2940496
15.5289 2941568
15.5339 2942640
15.5389 2943712
15.5439 2944248
15.5489 2945320
15.5539 2946392
15.5589 2947464
15.5639 2948536
15.5689 2949608
15.5739 2950680
15.5789 2951752
15.5839 2952824
15.5889 2953896
15.5939 2954968
15.5989 2956040
15.6039 2956576
15.6089 2957648
15.6139 2958720
15.6189 2959792
15.6239 2960864
15.6289 2961936
15.6339 2963008
15.6389 2964080
15.6439 2965152
15.6489 2966224
15.6539 2967296
15.6589 2967832
15.6639 2968904
15.6689 2969976
15.6739 2971048
15.6789 2972120
15.6839 2973192
15.6889 2974264
15.6939 2975336
15.6989 2976408
15.7039 2977480
15.7089 2978552
15.7139 2979088
15.7189 2980160
15.7239 2981232
15.7289 2982304
15.7339 2983376
15.7389 2984448
15.7439 2985520
15.7489 2986592
15.7539 2987664
15.7589 2988736
15.7639 2989808
15.7689 2990344
15.7739 2991416
15.7789 2992488
15.7839 2993560
15.7889 2994632
15.7939 2995704
15.7989 2996776
15.8039 2997848
15.8089 2998920
15.8139 2999992
15.8189 3001064
15.8239 3001600
15.8289 3002672
15.8339 3003744
15.8389 3004816
15.8439 3005888
15.8489 3006960
15.8539 3008032
15.8589 3009104
15.8639 3010176
15.8689 3011248
15.8739 3012320
15.8789 3012856
15.8839 3013928
15.8889 3015000
15.8939 3016072
15.8989 3017144
15.9039 3018216
15.9089 3019288
15.9139 3020360
15.9189 3021432
15.9239 3022504
15.9289 3023576
15.9339 3024648
15.9389 3025184
15.9439 3026256
15.9489 3027328
15.9539 3028400
15.9589 3029472
15.9639 3030544
15.9689 3031616
15.9739 3032688
15.9789 3033760
15.9839 3034832
15.9889 3035904
15.9939 3036440
15.9989 3037512
16.0039 3038584
16.0089 3039656
16.0139 3040728
16.0189 3041800
16.0239 3042872
16.0289 3043944
16.0339 3045016
16.0389 3046088
16.0439 3047160
16.0489 3047696
16.0539 3048768
16.0589 3049840
16.0639 3050912
16.0689 3051984
16.0739 3053056
16.0789 3054128
16.0839 3055200
16.0889 3056272
16.0939 3057344
16.0989 3058416
16.1039 3058952
16.1089 3060024
16.1139 3061096
16.1189 3062168
16.1239 3063240
16.1289 3064312
16.1339 3065384
16.1389 3066456
16.1439 3067528
16.1489 3068600
16.1539 3069672
16.1589 3070208
16.1639 3071280
16.1689 3072352
16.1739 3073424
16.1789 3074496
16.1839 3075568
16.1889 3076640
16.1939 3077712
16.1989 3078784
16.2039 3079856
16.2089 3080928
16.2139 3081464
16.2189 3082536
16.2239 3083608
16.2289 3084680
16.2339 3085752
16.2389 3086824
16.2439 3087896
16.2489 3088968
16.2539 3090040
16.2589 3091112
16.2639 3092184
16.2689 3093256
16.2739 3093792
16.2789 3094864
16.2839 3095936
16.2889 3097008
16.2939 3098080
16.2989 3099152
16.3039 3100224
16.3089 3101296
16.3139 3102368
16.3189 3103440
16.3239 3104512
16.3289 3105048
16.3339 3106120
16.3389 3107192
16.3439 3108264
16.3489 3109336
16.3539 3110408
16.3589 3111480
16.3639 3112552
16.3689 3113624
16.3739 3114696
16.3789 3115768
16.3839 3116304
16.3889 3117376
16.3939 3118448
16.3989 3119520
16.4039 3120592
16.4089 3121664
16.4139 3122736
16.4189 3123808
16.4239 3124880
16.4289 3125952
16.4339 3127024
16.4389 3127560
16.4439 3128632
16.4489 3129704
16.4539 3130776
16.4589 3131848
16.4639 3132920
16.4689 3133992
16.4739 3135064
16.4789 3136136
16.4839 3137208
16.4889 3138280
16.4939 3138816
16.4989 3139888
16.5039 3140960
16.5089 3142032
16.5139 3143104
16.5189 3144176
16.5239 3145248
16.5289 3146320
16.5339 3147392
16.5389 3148464
16.5439 3149536
16.5489 3150072
16.5539 3151144
16.5589 3152216
16.5639 3153288
16.5689 3154360
16.5739 3155432
16.5789 3156504
16.5839 3157576
16.5889 3158648
16.5939 3159720
16.5989 3160792
16.6039 3161864
16.6089 3162400
16.6139 3163472
16.6189 3164544
16.6239 3165616
16.6289 3166688
16.6339 3167760
16.6389 3168832
16.6439 3169904
16.6489 3170976
16.6539 3172048
16.6589 3173120
16.6639 3173656
16.6689 3174728
16.6739 3175800
16.6789 3176872
16.6839 3177944
16.6889 3179016
16.6939 3180088
16.6989 3181160
16.7039 3182232
16.7089 3183304
16.7139 3184376
16.7189 3184912
16.7239 3185984
16.7289 3187056
16.7339 3188128
16.7389 3189200
16.7439 3190272
16.7489 3191344
16.7539 3192416
16.7589 3193488
16.7639 3194560
16.7689 3195632
16.7739 3196168
16.7789 3197240
16.7839 3198312
16.7889 3199384
16.7939 3200456
16.7989 3201528
16.8039 3202600
16.8089 3203672
16.8139 3204744
16.8189 3205816
16.8239 3206888
16.8289 3207424
16.8339 3208496
16.8389 3209568
16.8439 3210640
16.8489 3211712
16.8539 3212784
16.8589 3213856
16.8639 3214928
16.8689 3216000
16.8739 3217072
16.8789 3218144
16.8839 3218680
16.8889 3219752
16.8939 3220824
16.8989 3221896
16.9039 3222968
16.9089 3224040
16.9139 3225112
16.9189 3226184
16.9239 3227256
16.9289 3228328
16.9339 3229400
16.9389 3230472
16.9439 3231008
16.9489 3232080
16.9539 3233152
16.9589 3234224
16.9639 3235296
16.9689 3236368
16.9739 3237440
16.9789 3238512
16.9839 3239584
16.9889 3240656
16.9939 3241728
16.9989 3242264
17.0039 3243336
17.0089 3244408
17.0139 3245480
17.0189 3246552
17.0239 3247624
17.0289 3248696
17.0339 3249768
17.0389 3250840
17.0439 3251912
17.0489 3252984
17.0539 3253520
17.0589 3254592
17.0639 3255664
17.0689 3256736
17.0739 3257808
17.0789 3258880
17.0839 3259952
17.0889 3261024
17.0939 3262096
17.0989 3263168
17.1039 3264240
17.1089 3264776
17.1139 3265848
17.1189 3266920
17.1239 3267992
17.1289 3269064
17.1339 3270136
17.1389 3271208
17.1439 3272280
17.1489 3273352
17.1539 3274424
17.1589 3275496
17.1639 3276032
17.1689 3277104
17.1739 3278176
17.1789 3279248
17.1839 3280320
17.1889 3281392
17.1939 3282464
17.1989 3283536
17.2039 3284608
17.2089 3285680
17.2139 3286752
17.2189 3287288
17.2239 3288360
17.2289 3289432
17.2339 3290504
17.2389 3291576
17.2439 3292648
17.2489 3293720
17.2539 3294792
17.2589 3295864
17.2639 3296936
17.2689 3298008
17.2739 3299080
17.2789 3299616
17.2839 3300688
17.2889 3301760
17.2939 3302832
17.2989 3303904
17.3039 3304976
17.3089 3306048
17.3139 3307120
17.3189 3308192
17.3239 3309264
17.3289 3310336
17.3339 3310872
17.3389 3311944
17.3439 3313016
17.3489 3314088
17.3539 3315160
17.3589 3316232
17.3639 3317304
17.3689 3318376
17.3739 3319448
17.3789 3320520
17.3839 3321592
17.3889 3322128
17.3939 3323200
17.3989 3324272
17.4039 3325344
17.4089 3326416
17.4139 3327488
17.4189 3328560
17.4239 3329632
17.4289 3330704
17.4339 3331776
17.4389 3332848
17.4439 3333384
17.4489 3334456
17.4539 3335528
17.4589 3336600
17.4639 3337672
17.4689 3338744
17.4739 3339816
17.4789 3340888
17.4839 3341960
17.4889 3343032
17.4939 3344104
17.4989 3344640
17.5039 3345712
17.5089 3346784
17.5139 3347856
17.5189 3348928
17.5239 3350000
17.5289 3351072
17.5339 3352144
17.5389 3353216
17.5439 3354288
17.5489 3355360
17.5539 3355896
17.5589 3356968
17.5639 3358040
17.5689 3359112
17.5739 3360184
17.5789 3361256
17.5839 3362328
17.5889 3363400
17.5939 3364472
17.5989 3365544
17.6039 3366616
17.6089 3367688
17.6139 3368224
17.6189 3369296
17.6239 3370368
17.6289 3371440
17.6339 3372512
17.6389 3373584
17.6439 3374656
17.6489 3375728
17.6539 3376800
17.6589 3377872
17.6639 3378944
17.6689 3379480
17.6739 3380552
17.6789 3381624
17.6839 3382696
17.6889 3383768
17.6939 3384840
17.6989 3385912
17.7039 3386984
17.7089 3388056
17.7139 3389128
17.7189 3390200
17.7239 3390736
17.7289 3391808
17.7339 3392880
17.7389 3393952
17.7439 3395024
17.7489 3396096
17.7539 3397168
17.7589 3398240
17.7639 3399312
17.7689 3400384
17.7739 3401456
17.7789 3401992
17.7839 3403064
17.7889 3404136
17.7939 3405208
17.7989 3406280
17.8039 3407352
17.8089 3408424
17.8139 3409496
17.8189 3410568
17.8239 3411640
17.8289 3412712
17.8339 3413248
17.8389 3414320
17.8439 3415392
17.8489 3416464
17.8539 3417536
17.8589 3418608
17.8639 3419680
17.8689 3420752
17.8739 3421824
17.8789 3422896
17.8839 3423968
17.8889 3424504
17.8939 3425576
17.8989 3426648
17.9039 3427720
17.9089 3428792
17.9139 3429864
17.9189 3430936
17.9239 3432008
17.9289 3433080
17.9339 3434152
17.9389 3435224
17.9439 3436296
17.9489 3436832
17.9539 3437904
17.9589 3438976
17.9639 3440048
17.9689 3441120
17.9739 3442192
17.9789 3443264
17.9839 3444336
17.9889 3445408
17.9939 3446480
17.9989 3447552
18.0039 3448088
18.0089 3449160
18.0139 3450232
18.0189 3451304
18.0239 3452376
18.0289 3453448
18.0339 3454520
18.0389 3455592
18.0439 3456664
18.0489 3457736
18.0539 3458808
18.0589 3459344
18.0639 3460416
18.0689 3461488
18.0739 3462560
18.0789 3463632
18.0839 3464704
18.0889 3465776
18.0939 3466848
18.0989 3467920
18.1039 3468992
18.1089 3470064
18.1139 3470600
18.1189 3471672
18.1239 3472744
18.1289 3473816
18.1339 3474888
18.1389 3475960
18.1439 3477032
18.1489 3478104
18.1539 3479176
18.1589 3480248
18.1639 3481320
18.1689 3481856
18.1739 3482928
18.1789 3484000
18.1839 3485072
18.1889 3486144
18.1939 3487216
18.1989 3488288
18.2039 3489360
18.2089 3490432
18.2139 3491504
18.2189 3492576
18.2239 3493112
18.2289 3494184
18.2339 3495256
18.2389 3496328
18.2439 3497400
18.2489 3498472
18.2539 3499544
18.2589 3500616
18.2639 3501688
18.2689 3502760
18.2739 3503832
18.2789 3504904
18.2839 3505440
18.2889 3506512
18.2939 3507584
18.2989 3508656
18.3039 3509728
18.3089 3510800
18.3139 3511872
18.3189 3512944
18.3239 3514016
18.3289 3515088
18.3339 3516160
18.3389 3516696
18.3439 3517768
18.3489 3518840
18.3539 3519912
18.3589 3520984
18.3639 3522056
18.3689 3523128
18.3739 3524200
18.3789 3525272
18.3839 3526344
18.3889 3527416
18.3939 3527952
18.3989 3529024
18.4039 3530096
18.4089 3531168
18.4139 3532240
18.4189 3533312
18.4239 3534384
18.4289 3535456
18.4339 3536528
18.4389 3537600
18.4439 3538672
18.4489 3539208
18.4539 3540280
18.4589 3541352
18.4639 3542424
18.4689 3543496
18.4739 3544568
18.4789 3545640
18.4839 3546712
18.4889 3547784
18.4939 3548856
18.4989 3549928
18.5039 3550464
18.5089 3551536
18.5139 3552608
18.5189 3553680
18.5239 3554752
18.5289 3555824
18.5339 3556896
18.5389 3557968
18.5439 3559040
18.5489 3560112
18.5539 3561184
18.5589 3561720
18.5639 3562792
18.5689 3563864
18.5739 3564936
18.5789 3566008
18.5839 3567080
18.5889 3568152
18.5939 3569224
18.5989 3570296
18.6039 3571368
18.6089 3572440
18.6139 3573512
18.6189 3574048
18.6239 3575120
18.6289 3576192
18.6339 3577264
18.6389 3578336
18.6439 3579408
18.6489 3580480
18.6539 3581552
18.6589 3582624
18.6639 3583696
18.6689 3584768
18.6739 3585304
18.6789 3586376
18.6839 3587448
18.6889 3588520
18.6939 3589592
18.6989 3590664
18.7039 3591736
18.7089 3592808
18.7139 3593880
18.7189 3594952
18.7239 3596024
18.7289 3596560
18.7339 3597632
18.7389 3598704
18.7439 3599776
18.7489 3600848
18.7539 3601920
18.7589 3602992
18.7639 3604064
18.7689 3605136
18.7739 3606208
18.7789 3607280
18.7839 3607816
18.7889 3608888
18.7939 3609960
18.7989 3611032
18.8039 3612104
18.8089 3613176
18.8139 3614248
18.8189 3615320
18.8239 3616392
18.8289 3617464
18.8339 3618536
18.8389 3619072
18.8439 3620144
18.8489 3621216
18.8539 3622288
18.8589 3623360
18.8639 3624432
18.8689 3625504
18.8739 3626576
18.8789 3627648
18.8839 3628720
18.8889 3629792
18.8939 3630328
18.8989 3631400
18.9039 3632472
18.9089 3633544
18.9139 3634616
18.9189 3635688
18.9239 3636760
18.9289 3637832
18.9339 3638904
18.9389 3639976
18.9439 3641048
18.9489 3642120
18.9539 3642656
18.9589 3643728
18.9639 3644800
18.9689 3645872
18.9739 3646944
18.9789 3648016
18.9839 3649088
18.9889 3650160
18.9939 3651232
18.9989 3652304
19.0039 3653376
19.0089 3653912
19.0139 3654984
19.0189 3656056
19.0239 3657128
19.0289 3658200
19.0339 3659272
19.0389 3660344
19.0439 3661416
19.0489 3662488
19.0539 3663560
19.0589 3664632
19.0639 3665168
19.0689 3666240
19.0739 3667312
19.0789 3668384
19.0839 3669456
19.0889 3670528
19.0939 3671600
19.0989 3672672
19.1039 3673744
19.1089 3674816
19.1139 3675888
19.1189 3676424
19.1239 3677496
19.1289 3678568
19.1339 3679640
19.1389 3680712
19.1439 3681784
19.1489 3682856
19.1539 3683928
19.1589 3685000
19.1639 3686072
19.1689 3687144
19.1739 3687680
19.1789 3688752
19.1839 3689824
19.1889 3690896
19.1939 3691968
19.1989 3693040
19.2039 3694112
19.2089 3695184
19.2139 3696256
19.2189 3697328
19.2239 3698400
19.2289 3698936
19.2339 3700008
19.2389 3701080
19.2439 3702152
19.2489 3703224
19.2539 3704296
19.2589 3705368
19.2639 3706440
19.2689 3707512
19.2739 3708584
19.2789 3709656
19.2839 3710728
19.2889 3711264
19.2939 3712336
19.2989 3713408
19.3039 3714480
19.3089 3715552
19.3139 3716624
19.3189 3717696
19.3239 3718768
19.3289 3719840
19.3339 3720912
19.3389 3721984
19.3439 3722520
19.3489 3723592
19.3539 3724664
19.3589 3725736
19.3639 3726808
19.3689 3727880
19.3739 3728952
19.3789 3730024
19.3839 3731096
19.3889 3732168
19.3939 3733240
19.3989 3733776
19.4039 3734848
19.4089 3735920
19.4139 3736992
19.4189 3738064
19.4239 3739136
19.4289 3740208
19.4339 3741280
19.4389 3742352
19.4439 3743424
19.4489 3744496
19.4539 3745032
19.4589 3746104
19.4639 3747176
19.4689 3748248
19.4739 3749320
19.4789 3750392
19.4839 3751464
19.4889 3752536
19.4939 3753608
19.4989 3754680
19.5039 3755752
19.5089 3756288
19.5139 3757360
19.5189 3758432
19.5239 3759504
19.5289 3760576
19.5339 3761648
19.5389 3762720
19.5439 3763792
19.5489 3764864
19.5539 3765936
19.5589 3767008
19.5639 3767544
19.5689 3768616
19.5739 3769688
19.5789 3770760
19.5839 3771832
19.5889 3772904
19.5939 3773976
19.5989 3775048
19.6039 3776120
19.6089 3777192
19.6139 3778264
19.6189 3779336
19.6239 3779872
19.6289 3780944
19.6339 3782016
19.6389 3783088
19.6439 3784160
19.6489 3785232
19.6539 3786304
19.6589 3787376
19.6639 3788448
19.6689 3789520
19.6739 3790592
19.6789 3791128
19.6839 3792200
19.6889 3793272
19.6939 3794344
19.6989 3795416
19.7039 3796488
19.7089 3797560
19.7139 3798632
19.7189 3799704
19.7239 3800776
19.7289 3801848
19.7339 3802384
19.7389 3803456
19.7439 3804528
19.7489 3805600
19.7539 3806672
19.7589 3807744
19.7639 3808816
19.7689 3809888
19.7739 3810960
19.7789 3812032
19.7839 3813104
19.7889 3813640
19.7939 3814712
19.7989 3815784
19.8039 3816856
19.8089 3817928
19.8139 3819000
19.8189 3820072
19.8239 3821144
19.8289 3822216
19.8339 3823288
19.8389 3824360
19.8439 3824896
19.8489 3825968
19.8539 3827040
19.8589 3828112
19.8639 3829184
19.8689 3830256
19.8739 3831328
19.8789 3832400
19.8839 3833472
19.8889 3834544
19.8939 3835616
19.8989 3836152
19.9039 3837224
19.9089 3838296
19.9139 3839368
19.9189 3840440
19.9239 3841512
19.9289 3842584
19.9339 3843656
19.9389 3844728
19.9439 3845800
19.9489 3846872
19.9539 3847944
19.9589 3848480
19.9639 3849552
19.9689 3850624
19.9739 3851696
19.9789 3852768
19.9839 3853840
19.9889 3854912
19.9939 3855984
19.9989 3857056
