0.0	5360
1.19388 5896
1.19888 6432
1.20388 7504
1.20888 8576
1.21388 9648
1.21888 10720
1.22388 11792
1.22888 12864
1.23388 13936
1.23888 15008
1.24388 16080
1.24888 17152
1.25388 17688
1.25888 18760
1.26388 19832
1.26888 20904
1.27388 21976
1.27888 23048
1.28388 24120
1.28888 25192
1.29388 26264
1.29888 27336
1.30388 28408
1.30888 28944
1.31388 30016
1.31888 31088
1.32388 32160
1.32888 33232
1.33388 34304
1.33888 35376
1.34388 36448
1.34888 37520
1.35388 38592
1.35888 39664
1.36388 40200
1.36888 41272
1.37388 42344
1.37888 43416
1.38388 44488
1.38888 45560
1.39388 46632
1.39888 47704
1.40388 48776
1.40888 49848
1.41388 50920
1.41888 51456
1.42388 52528
1.42888 53600
1.43388 54672
1.43888 55744
1.44388 56816
1.44888 57888
1.45388 58960
1.45888 60032
1.46388 61104
1.46888 62176
1.47388 62712
1.47888 63784
1.48388 64856
1.48888 65928
1.49388 67000
1.49888 68072
1.50388 69144
1.50888 70216
1.51388 71288
1.51888 72360
1.52388 73432
1.52888 74504
1.53388 75040
1.53888 76112
1.54388 77184
1.54888 78256
1.55388 79328
1.55888 80400
1.56388 81472
1.56888 82544
1.57388 83616
1.57888 84688
1.58388 85760
1.58888 86296
1.59388 87368
1.59888 88440
1.60388 89512
1.60888 90584
1.61388 91656
1.61888 92728
1.62388 93800
1.62888 94872
1.63388 95944
1.63888 97016
1.64388 97552
1.64888 98624
1.65388 99696
1.65888 100768
1.66388 101840
1.66888 102912
1.67388 103984
1.67888 105056
1.68388 106128
1.68888 107200
1.69388 108272
1.69888 108808
1.70388 109880
1.70888 110952
1.71388 112024
1.71888 113096
1.72388 114168
1.72888 115240
1.73388 116312
1.73888 117384
1.74388 118456
1.74888 119528
1.75388 120064
1.75888 121136
1.76388 122208
1.76888 123280
1.77388 124352
1.77888 125424
1.78388 126496
1.78888 127568
1.79388 128640
1.79888 129712
1.80388 130784
1.80888 131320
1.81388 132392
1.81888 133464
1.82388 134536
1.82888 135608
1.83388 136680
1.83888 137752
1.84388 138824
1.84888 139896
1.85388 140968
1.85888 142040
1.86388 143112
1.86888 143648
1.87388 144720
1.87888 145792
1.88388 146864
1.88888 147936
1.89388 149008
1.89888 150080
1.90388 151152
1.90888 152224
1.91388 153296
1.91888 154368
1.92388 154904
1.92888 155976
1.93388 157048
1.93888 158120
1.94388 159192
1.94888 160264
1.95388 161336
1.95888 162408
1.96388 163480
1.96888 164552
1.97388 165624
1.97888 166160
1.98388 167232
1.98888 168304
1.99388 169376
1.99888 170448
2.00388 171520
2.00888 172592
2.01388 173664
2.01888 174736
2.02388 175808
2.02888 176880
2.03388 177416
2.03888 178488
2.04388 179560
2.04888 180632
2.05388 181704
2.05888 182776
2.06388 183848
2.06888 184920
2.07388 185992
2.07888 187064
2.08388 188136
2.08888 188672
2.09388 189744
2.09888 190816
2.10388 191888
2.10888 192960
2.11388 194032
2.11888 195104
2.12388 196176
2.12888 197248
2.13388 198320
2.13888 199392
2.14388 199928
2.14888 201000
2.15388 202072
2.15888 203144
2.16388 204216
2.16888 205288
2.17388 206360
2.17888 207432
2.18388 208504
2.18888 209576
2.19388 210648
2.19888 211720
2.20388 212256
2.20888 213328
2.21388 214400
2.21888 215472
2.22388 216544
2.22888 217616
2.23388 218688
2.23888 219760
2.24388 220832
2.24888 221904
2.25388 222976
2.25888 223512
2.26388 224584
2.26888 225656
2.27388 226728
2.27888 227800
2.28388 228872
2.28888 229944
2.29388 231016
2.29888 232088
2.30388 233160
2.30888 234232
2.31388 234768
2.31888 235840
2.32388 236912
2.32888 237984
2.33388 239056
2.33888 240128
2.34388 241200
2.34888 242272
2.35388 243344
2.35888 244416
2.36388 245488
2.36888 246024
2.37388 247096
2.37888 248168
2.38388 249240
2.38888 250312
2.39388 251384
2.39888 252456
2.40388 253528
2.40888 254600
2.41388 255672
2.41888 256744
2.42388 257280
2.42888 258352
2.43388 259424
2.43888 260496
2.44388 261568
2.44888 262640
2.45388 263712
2.45888 264784
2.46388 265856
2.46888 266928
2.47388 268000
2.47888 268536
2.48388 269608
2.48888 270680
2.49388 271752
2.49888 272824
2.50388 273896
2.50888 274968
2.51388 276040
2.51888 277112
2.52388 278184
2.52888 279256
2.53388 280328
2.53888 280864
2.54388 281936
2.54888 283008
2.55388 284080
2.55888 285152
2.56388 286224
2.56888 287296
2.57388 288368
2.57888 289440
2.58388 290512
2.58888 291584
2.59388 292120
2.59888 293192
2.60388 294264
2.60888 295336
2.61388 296408
2.61888 297480
2.62388 298552
2.62888 299624
2.63388 300696
2.63888 301768
2.64388 302840
2.64888 303376
2.65388 304448
2.65888 305520
2.66388 306592
2.66888 307664
2.67388 308736
2.67888 309808
2.68388 310880
2.68888 311952
2.69388 313024
2.69888 314096
2.70388 314632
2.70888 315704
2.71388 316776
2.71888 317848
2.72388 318920
2.72888 319992
2.73388 321064
2.73888 322136
2.74388 323208
2.74888 324280
2.75388 325352
2.75888 325888
2.76388 326960
2.76888 328032
2.77388 329104
2.77888 330176
2.78388 331248
2.78888 332320
2.79388 333392
2.79888 334464
2.80388 335536
2.80888 336608
2.81388 337144
2.81888 338216
2.82388 339288
2.82888 340360
2.83388 341432
2.83888 342504
2.84388 343576
2.84888 344648
2.85388 345720
2.85888 346792
2.86388 347864
2.86888 348936
2.87388 349472
2.87888 350544
2.88388 351616
2.88888 352688
2.89388 353760
2.89888 354832
2.90388 355904
2.90888 356976
2.91388 358048
2.91888 359120
2.92388 360192
2.92888 360728
2.93388 361800
2.93888 362872
2.94388 363944
2.94888 365016
2.95388 366088
2.95888 367160
2.96388 368232
2.96888 369304
2.97388 370376
2.97888 371448
2.98388 371984
2.98888 373056
2.99388 374128
2.99888 375200
3.00388 376272
3.00888 377344
3.01388 378416
3.01888 379488
3.02388 380560
3.02888 381632
3.03388 382704
3.03888 383240
3.04388 384312
3.04888 385384
3.05388 386456
3.05888 387528
3.06388 388600
3.06888 389672
3.07388 390744
3.07888 391816
3.08388 392888
3.08888 393960
3.09388 394496
3.09888 395568
3.10388 396640
3.10888 397712
3.11388 398784
3.11888 399856
3.12388 400928
3.12888 402000
3.13388 403072
3.13888 404144
3.14388 405216
3.14888 405752
3.15388 406824
3.15888 407896
3.16388 408968
3.16888 410040
3.17388 411112
3.17888 412184
3.18388 413256
3.18888 414328
3.19388 415400
3.19888 416472
3.20388 417544
3.20888 418080
3.21388 419152
3.21888 420224
3.22388 421296
3.22888 422368
3.23388 423440
3.23888 424512
3.24388 425584
3.24888 426656
3.25388 427728
3.25888 428800
3.26388 429336
3.26888 430408
3.27388 431480
3.27888 432552
3.28388 433624
3.28888 434696
3.29388 435768
3.29888 436840
3.30388 437912
3.30888 438984
3.31388 440056
3.31888 440592
3.32388 441664
3.32888 442736
3.33388 443808
3.33888 444880
3.34388 445952
3.34888 447024
3.35388 448096
3.35888 449168
3.36388 450240
3.36888 451312
3.37388 451848
3.37888 452920
3.38388 453992
3.38888 455064
3.39388 456136
3.39888 457208
3.40388 458280
3.40888 459352
3.41388 460424
3.41888 461496
3.42388 462568
3.42888 463104
3.43388 464176
3.43888 465248
3.44388 466320
3.44888 467392
3.45388 468464
3.45888 469536
3.46388 470608
3.46888 471680
3.47388 472752
3.47888 473824
3.48388 474360
3.48888 475432
3.49388 476504
3.49888 477576
3.50388 478648
3.50888 479720
3.51388 480792
3.51888 481864
3.52388 482936
3.52888 484008
3.53388 485080
3.53888 486152
3.54388 486688
3.54888 487760
3.55388 488832
3.55888 489904
3.56388 490976
3.56888 492048
3.57388 493120
3.57888 494192
3.58388 495264
3.58888 496336
3.59388 497408
3.59888 497944
3.60388 499016
3.60888 500088
3.61388 501160
3.61888 502232
3.62388 503304
3.62888 504376
3.63388 505448
3.63888 506520
3.64388 507592
3.64888 508664
3.65388 509200
3.65888 510272
3.66388 511344
3.66888 512416
3.67388 513488
3.67888 514560
3.68388 515632
3.68888 516704
3.69388 517776
3.69888 518848
3.70388 519920
3.70888 520456
3.71388 521528
3.71888 522600
3.72388 523672
3.72888 524744
3.73388 525816
3.73888 526888
3.74388 527960
3.74888 529032
3.75388 530104
3.75888 531176
3.76388 531712
3.76888 532784
3.77388 533856
3.77888 534928
3.78388 536000
3.78888 537072
3.79388 538144
3.79888 539216
3.80388 540288
3.80888 541360
3.81388 542432
3.81888 542968
3.82388 544040
3.82888 545112
3.83388 546184
3.83888 547256
3.84388 548328
3.84888 549400
3.85388 550472
3.85888 551544
3.86388 552616
3.86888 553688
3.87388 554760
3.87888 555296
3.88388 556368
3.88888 557440
3.89388 558512
3.89888 559584
3.90388 560656
3.90888 561728
3.91388 562800
3.91888 563872
3.92388 564944
3.92888 566016
3.93388 566552
3.93888 567624
3.94388 568696
3.94888 569768
3.95388 570840
3.95888 571912
3.96388 572984
3.96888 574056
3.97388 575128
3.97888 576200
3.98388 577272
3.98888 577808
3.99388 578880
3.99888 579952
4.00388 581024
4.00888 582096
4.01388 583168
4.01888 584240
4.02388 585312
4.02888 586384
4.03388 587456
4.03888 588528
4.04388 589064
4.04888 590136
4.05388 591208
4.05888 592280
4.06388 593352
4.06888 594424
4.07388 595496
4.07888 596568
4.08388 597640
4.08888 598712
4.09388 599784
4.09888 600320
4.10388 601392
4.10888 602464
4.11388 603536
4.11888 604608
4.12388 605680
4.12888 606752
4.13388 607824
4.13888 608896
4.14388 609968
4.14888 611040
4.15388 611576
4.15888 612648
4.16388 613720
4.16888 614792
4.17388 615864
4.17888 616936
4.18388 618008
4.18888 619080
4.19388 620152
4.19888 621224
4.20388 622296
4.20888 623368
4.21388 623904
4.21888 624976
4.22388 626048
4.22888 627120
4.23388 628192
4.23888 629264
4.24388 630336
4.24888 631408
4.25388 632480
4.25888 633552
4.26388 634624
4.26888 635160
4.27388 636232
4.27888 637304
4.28388 638376
4.28888 639448
4.29388 640520
4.29888 641592
4.30388 642664
4.30888 643736
4.31388 644808
4.31888 645880
4.32388 646416
4.32888 647488
4.33388 648560
4.33888 649632
4.34388 650704
4.34888 651776
4.35388 652848
4.35888 653920
4.36388 654992
4.36888 656064
4.37388 657136
4.37888 657672
4.38388 658744
4.38888 659816
4.39388 660888
4.39888 661960
4.40388 663032
4.40888 664104
4.41388 665176
4.41888 666248
4.42388 667320
4.42888 668392
4.43388 668928
4.43888 670000
4.44388 671072
4.44888 672144
4.45388 673216
4.45888 674288
4.46388 675360
4.46888 676432
4.47388 677504
4.47888 678576
4.48388 679648
4.48888 680184
4.49388 681256
4.49888 682328
4.50388 683400
4.50888 684472
4.51388 685544
4.51888 686616
4.52388 687688
4.52888 688760
4.53388 689832
4.53888 690904
4.54388 691976
4.54888 692512
4.55388 693584
4.55888 694656
4.56388 695728
4.56888 696800
4.57388 697872
4.57888 698944
4.58388 700016
4.58888 701088
4.59388 702160
4.59888 703232
4.60388 703768
4.60888 704840
4.61388 705912
4.61888 706984
4.62388 708056
4.62888 709128
4.63388 710200
4.63888 711272
4.64388 712344
4.64888 713416
4.65388 714488
4.65888 715024
4.66388 716096
4.66888 717168
4.67388 718240
4.67888 719312
4.68388 720384
4.68888 721456
4.69388 722528
4.69888 723600
4.70388 724672
4.70888 725744
4.71388 726280
4.71888 727352
4.72388 728424
4.72888 729496
4.73388 730568
4.73888 731640
4.74388 732712
4.74888 733784
4.75388 734856
4.75888 735928
4.76388 737000
4.76888 737536
4.77388 738608
4.77888 739680
4.78388 740752
4.78888 741824
4.79388 742896
4.79888 743968
4.80388 745040
4.80888 746112
4.81388 747184
4.81888 748256
4.82388 748792
4.82888 749864
4.83388 750936
4.83888 752008
4.84388 753080
4.84888 754152
4.85388 755224
4.85888 756296
4.86388 757368
4.86888 758440
4.87388 759512
4.87888 760584
4.88388 761120
4.88888 762192
4.89388 763264
4.89888 764336
4.90388 765408
4.90888 766480
4.91388 767552
4.91888 768624
4.92388 769696
4.92888 770768
4.93388 771840
4.93888 772376
4.94388 773448
4.94888 774520
4.95388 775592
4.95888 776664
4.96388 777736
4.96888 778808
4.97388 779880
4.97888 780952
4.98388 782024
4.98888 783096
4.99388 783632
4.99888 784704
5.00388 785776
5.00898 786848
5.01407 787920
5.01917 788992
5.02426 790064
5.02935 791136
5.03445 792208
5.03954 793280
5.04463 794352
5.04973 794888
5.05482 795960
5.05992 797032
5.06501 798104
5.07006 799176
5.07515 800248
5.08024 801320
5.08534 802392
5.09043 803464
5.09553 804536
5.10062 805608
5.10571 806144
5.11081 807216
5.1159 808288
5.12099 809360
5.12609 810432
5.13118 811504
5.13628 812576
5.14132 813648
5.14642 814720
5.15151 815792
5.1566 816864
5.1617 817400
5.16679 818472
5.17188 819544
5.17698 820616
5.18207 821688
5.18717 822760
5.19226 823832
5.19735 824904
5.20245 825976
5.20754 827048
5.21263 828120
5.21768 829192
5.22277 829728
5.22787 830800
5.23296 831872
5.23806 832944
5.24315 834016
5.24824 835088
5.25334 836160
5.25843 837232
5.26352 838304
5.26862 839376
5.27367 840448
5.27862 840984
5.28366 842056
5.28866 843128
5.29362 844200
5.29861 845272
5.30361 846344
5.30861 847416
5.31361 848488
5.31861 849560
5.32361 850632
5.32861 851704
5.33361 852240
5.33861 853312
5.34361 854384
5.34861 855456
5.35361 856528
5.35861 857600
5.36361 858672
5.36861 859744
5.37361 860816
5.3786 861888
5.3836 862960
5.3886 863496
5.3936 864568
5.39859 865640
5.40364 866712
5.40863 867784
5.41363 868856
5.41863 869928
5.42363 871000
5.42863 872072
5.43362 873144
5.43862 874216
5.44362 874752
5.44862 875824
5.45362 876896
5.45862 877968
5.46362 879040
5.46862 880112
5.47362 881184
5.47862 882256
5.48362 883328
5.48862 884400
5.49362 885472
5.49862 886008
5.50362 887080
5.50862 888152
5.51361 889224
5.51861 890296
5.52361 891368
5.52861 892440
5.53361 893512
5.53861 894584
5.54361 895656
5.54861 896728
5.55361 897800
5.55861 898336
5.56361 899408
5.56861 900480
5.57361 901552
5.57861 902624
5.58361 903696
5.5886 904768
5.5936 905840
5.5986 906912
5.6036 907984
5.6086 909056
5.6136 909592
5.6186 910664
5.6236 911736
5.6286 912808
5.6336 913880
5.6386 914952
5.6436 916024
5.6486 917096
5.6536 918168
5.65864 919240
5.66364 920312
5.66864 920848
5.67364 921920
5.67864 922992
5.68364 924064
5.68864 925136
5.69364 926208
5.69864 927280
5.70364 928352
5.70864 929424
5.71364 930496
5.71864 931568
5.72363 932104
5.72863 933176
5.73363 934248
5.73863 935320
5.74363 936392
5.74863 937464
5.75363 938536
5.75863 939608
5.76363 940680
5.76863 941752
5.77363 942824
5.77863 943360
5.78363 944432
5.78863 945504
5.79363 946576
5.79863 947648
5.80362 948720
5.80862 949792
5.81362 950864
5.81862 951936
5.82362 953008
5.82862 954080
5.83362 954616
5.83862 955688
5.84362 956760
5.84862 957832
5.85362 958904
5.85862 959976
5.86362 961048
5.86862 962120
5.87362 963192
5.87862 964264
5.88361 965336
5.88861 966408
5.89361 966944
5.89861 968016
5.90361 969088
5.90861 970160
5.91361 971232
5.91861 972304
5.92361 973376
5.92861 974448
5.93361 975520
5.93861 976592
5.94361 977664
5.94861 978200
5.95361 979272
5.9586 980344
5.9636 981416
5.9686 982488
5.9736 983560
5.9786 984632
5.9836 985704
5.9886 986776
5.9936 987848
5.9986 988920
6.0036 989456
6.0086 990528
6.0136 991600
6.0186 992672
6.0236 993744
6.02864 994816
6.03364 995888
6.03864 996960
6.04364 998032
6.04864 999104
6.05364 1000176
6.05864 1000712
6.06364 1001784
6.06864 1002856
6.07364 1003928
6.07864 1005000
6.08364 1006072
6.08864 1007144
6.09363 1008216
6.09863 1009288
6.10363 1010360
6.10863 1011432
6.11363 1011968
6.11863 1013040
6.12363 1014112
6.12863 1015184
6.13363 1016256
6.13863 1017328
6.14363 1018400
6.14863 1019472
6.15363 1020544
6.15863 1021616
6.16363 1022688
6.16863 1023224
6.17362 1024296
6.17862 1025368
6.18362 1026440
6.18862 1027512
6.19362 1028584
6.19862 1029656
6.20362 1030728
6.20862 1031800
6.21362 1032872
6.21862 1033944
6.22362 1035016
6.22862 1035552
6.23362 1036624
6.23862 1037696
6.24362 1038768
6.24861 1039840
6.25361 1040912
6.25861 1041984
6.26361 1043056
6.26861 1044128
6.27361 1045200
6.27861 1046272
6.28361 1046808
6.28861 1047880
6.29361 1048952
6.29861 1050024
6.30361 1051096
6.30861 1052168
6.31361 1053240
6.31861 1054312
6.32361 1055384
6.3286 1056456
6.3336 1057528
6.3386 1058064
6.3436 1059136
6.3486 1060208
6.3536 1061280
6.3586 1062352
6.3636 1063424
6.3686 1064496
6.3736 1065568
6.3786 1066640
6.3836 1067712
6.3886 1068784
6.3936 1069320
6.39864 1070392
6.40364 1071464
6.40864 1072536
6.41364 1073608
6.41864 1074680
6.42364 1075752
6.42864 1076824
6.43364 1077896
6.43864 1078968
6.44364 1080040
6.44864 1080576
6.45364 1081648
6.45864 1082720
6.46363 1083792
6.46863 1084864
6.47363 1085936
6.47863 1087008
6.48363 1088080
6.48863 1089152
6.49363 1090224
6.49863 1091296
6.50363 1091832
6.50863 1092904
6.51363 1093976
6.51863 1095048
6.52363 1096120
6.52863 1097192
6.53363 1098264
6.53862 1099336
6.54362 1100408
6.54862 1101480
6.55362 1102552
6.55862 1103624
6.56362 1104160
6.56862 1105232
6.57362 1106304
6.57862 1107376
6.58362 1108448
6.58862 1109520
6.59362 1110592
6.59862 1111664
6.60362 1112736
6.60862 1113808
6.61362 1114880
6.61861 1115416
6.62361 1116488
6.62861 1117560
6.63361 1118632
6.63861 1119704
6.64361 1120776
6.64861 1121848
6.65361 1122920
6.65861 1123992
6.66361 1125064
6.66861 1126136
6.67361 1126672
6.67861 1127744
6.68361 1128816
6.68861 1129888
6.69361 1130960
6.6986 1132032
6.7036 1133104
6.7086 1134176
6.7136 1135248
6.7186 1136320
6.7236 1137392
6.7286 1137928
6.7336 1139000
6.7386 1140072
6.7436 1141144
6.7486 1142216
6.7536 1143288
6.7586 1144360
6.76364 1145432
6.76864 1146504
6.77364 1147576
6.77864 1148648
6.78364 1149184
6.78864 1150256
6.79364 1151328
6.79864 1152400
6.80364 1153472
6.80864 1154544
6.81364 1155616
6.81864 1156688
6.82364 1157760
6.82864 1158832
6.83363 1159904
6.83863 1160440
6.84363 1161512
6.84863 1162584
6.85363 1163656
6.85863 1164728
6.86363 1165800
6.86863 1166872
6.87363 1167944
6.87863 1169016
6.88363 1170088
6.88863 1171160
6.89363 1172232
6.89863 1172768
6.90363 1173840
6.90862 1174912
6.91362 1175984
6.91862 1177056
6.92362 1178128
6.92862 1179200
6.93362 1180272
6.93862 1181344
6.94362 1182416
6.94862 1183488
6.95362 1184024
6.95862 1185096
6.96362 1186168
6.96862 1187240
6.97362 1188312
6.97862 1189384
6.98362 1190456
6.98861 1191528
6.99361 1192600
6.99861 1193672
7.00361 1194744
7.00861 1195280
7.01361 1196352
7.01861 1197424
7.02361 1198496
7.02861 1199568
7.03361 1200640
7.03861 1201712
7.04361 1202784
7.04861 1203856
7.05361 1204928
7.05861 1206000
7.0636 1206536
7.0686 1207608
7.0736 1208680
7.0786 1209752
7.0836 1210824
7.0886 1211896
7.0936 1212968
7.0986 1214040
7.1036 1215112
7.1086 1216184
7.1136 1217256
7.1186 1217792
7.1236 1218864
7.1286 1219936
7.13364 1221008
7.13864 1222080
7.14364 1223152
7.14864 1224224
7.15364 1225296
7.15864 1226368
7.16364 1227440
7.16864 1228512
7.17364 1229048
7.17864 1230120
7.18364 1231192
7.18864 1232264
7.19364 1233336
7.19863 1234408
7.20363 1235480
7.20863 1236552
7.21363 1237624
7.21863 1238696
7.22363 1239768
7.22863 1240840
7.23363 1241376
7.23863 1242448
7.24363 1243520
7.24863 1244592
7.25363 1245664
7.25863 1246736
7.26363 1247808
7.26863 1248880
7.27363 1249952
7.27862 1251024
7.28362 1252096
7.28862 1252632
7.29362 1253704
7.29862 1254776
7.30362 1255848
7.30862 1256920
7.31362 1257992
7.31862 1259064
7.32362 1260136
7.32862 1261208
7.33362 1262280
7.33862 1263352
7.34362 1263888
7.34862 1264960
7.35362 1266032
7.35861 1267104
7.36361 1268176
7.36861 1269248
7.37361 1270320
7.37861 1271392
7.38361 1272464
7.38861 1273536
7.39361 1274608
7.39861 1275144
7.40361 1276216
7.40861 1277288
7.41361 1278360
7.41861 1279432
7.42361 1280504
7.42861 1281576
7.4336 1282648
7.4386 1283720
7.4436 1284792
7.4486 1285864
7.4536 1286400
7.4586 1287472
7.4636 1288544
7.4686 1289616
7.4736 1290688
7.4786 1291760
7.4836 1292832
7.4886 1293904
7.4936 1294976
7.4986 1296048
7.50364 1297120
7.50864 1297656
7.51364 1298728
7.51864 1299800
7.52364 1300872
7.52864 1301944
7.53364 1303016
7.53864 1304088
7.54364 1305160
7.54864 1306232
7.55364 1307304
7.55864 1308376
7.56364 1309448
7.56863 1309984
7.57363 1311056
7.57863 1312128
7.58363 1313200
7.58863 1314272
7.59363 1315344
7.59863 1316416
7.60363 1317488
7.60863 1318560
7.61363 1319632
7.61863 1320704
7.62363 1321240
7.62863 1322312
7.63363 1323384
7.63863 1324456
7.64363 1325528
7.64862 1326600
7.65362 1327672
7.65862 1328744
7.66362 1329816
7.66862 1330888
7.67362 1331960
7.67862 1332496
7.68362 1333568
7.68862 1334640
7.69362 1335712
7.69862 1336784
7.70362 1337856
7.70862 1338928
7.71362 1340000
7.71862 1341072
7.72361 1342144
7.72861 1343216
7.73361 1343752
7.73861 1344824
7.74361 1345896
7.74861 1346968
7.75361 1348040
7.75861 1349112
7.76361 1350184
7.76861 1351256
7.77361 1352328
7.77861 1353400
7.78361 1354472
7.78861 1355008
7.79361 1356080
7.79861 1357152
7.8036 1358224
7.8086 1359296
7.8136 1360368
7.8186 1361440
7.8236 1362512
7.8286 1363584
7.8336 1364656
7.8386 1365728
7.8436 1366264
7.8486 1367336
7.8536 1368408
7.8586 1369480
7.8636 1370552
7.8686 1371624
7.87364 1372696
7.87864 1373768
7.88364 1374840
7.88864 1375912
7.89364 1376984
7.89864 1378056
7.90364 1378592
7.90864 1379664
7.91364 1380736
7.91864 1381808
7.92364 1382880
7.92864 1383952
7.93364 1385024
7.93863 1386096
7.94363 1387168
7.94863 1388240
7.95363 1389312
7.95863 1389848
7.96363 1390920
7.96863 1391992
7.97363 1393064
7.97863 1394136
7.98363 1395208
7.98863 1396280
7.99363 1397352
7.99863 1398424
8.00363 1399496
8.00863 1400568
8.01362 1401104
8.01862 1402176
8.02362 1403248
8.02862 1404320
8.03362 1405392
8.03862 1406464
8.04362 1407536
8.04862 1408608
8.05362 1409680
8.05862 1410752
8.06362 1411824
8.06862 1412360
8.07362 1413432
8.07862 1414504
8.08362 1415576
8.08862 1416648
8.09361 1417720
8.09861 1418792
8.10361 1419864
8.10861 1420936
8.11361 1422008
8.11861 1423080
8.12361 1423616
8.12861 1424688
8.13361 1425760
8.13861 1426832
8.14361 1427904
8.14861 1428976
8.15361 1430048
8.15861 1431120
8.16361 1432192
8.16861 1433264
8.1736 1434336
8.1786 1434872
8.1836 1435944
8.1886 1437016
8.1936 1438088
8.1986 1439160
8.2036 1440232
8.2086 1441304
8.2136 1442376
8.2186 1443448
8.2236 1444520
8.2286 1445592
8.2336 1446664
8.23864 1447200
8.24364 1448272
8.24864 1449344
8.25364 1450416
8.25864 1451488
8.26364 1452560
8.26864 1453632
8.27364 1454704
8.27864 1455776
8.28364 1456848
8.28864 1457920
8.29364 1458456
8.29864 1459528
8.30364 1460600
8.30863 1461672
8.31363 1462744
8.31863 1463816
8.32363 1464888
8.32863 1465960
8.33363 1467032
8.33863 1468104
8.34363 1469176
8.34863 1469712
8.35363 1470784
8.35863 1471856
8.36363 1472928
8.36863 1474000
8.37363 1475072
8.37863 1476144
8.38362 1477216
8.38862 1478288
8.39362 1479360
8.39862 1480432
8.40362 1480968
8.40862 1482040
8.41362 1483112
8.41862 1484184
8.42362 1485256
8.42862 1486328
8.43362 1487400
8.43862 1488472
8.44362 1489544
8.44862 1490616
8.45362 1491688
8.45862 1492224
8.46361 1493296
8.46861 1494368
8.47361 1495440
8.47861 1496512
8.48361 1497584
8.48861 1498656
8.49361 1499728
8.49861 1500800
8.50361 1501872
8.50861 1502944
8.51361 1503480
8.51861 1504552
8.52361 1505624
8.52861 1506696
8.53361 1507768
8.5386 1508840
8.5436 1509912
8.5486 1510984
8.5536 1512056
8.5586 1513128
8.5636 1514200
8.5686 1515272
8.5736 1515808
8.5786 1516880
8.5836 1517952
8.5886 1519024
8.5936 1520096
8.5986 1521168
8.6036 1522240
8.60864 1523312
8.61364 1524384
8.61864 1525456
8.62364 1526528
8.62864 1527064
8.63364 1528136
8.63864 1529208
8.64364 1530280
8.64864 1531352
8.65364 1532424
8.65864 1533496
8.66364 1534568
8.66864 1535640
8.67363 1536712
8.67863 1537784
8.68363 1538320
8.68863 1539392
8.69363 1540464
8.69863 1541536
8.70363 1542608
8.70863 1543680
8.71363 1544752
8.71863 1545824
8.72363 1546896
8.72863 1547968
8.73363 1549040
8.73863 1549576
8.74363 1550648
8.74863 1551720
8.75362 1552792
8.75862 1553864
8.76362 1554936
8.76862 1556008
8.77362 1557080
8.77862 1558152
8.78362 1559224
8.78862 1560296
8.79362 1560832
8.79862 1561904
8.80362 1562976
8.80862 1564048
8.81362 1565120
8.81862 1566192
8.82362 1567264
8.82862 1568336
8.83361 1569408
8.83861 1570480
8.84361 1571552
8.84861 1572088
8.85361 1573160
8.85861 1574232
8.86361 1575304
8.86861 1576376
8.87361 1577448
8.87861 1578520
8.88361 1579592
8.88861 1580664
8.89361 1581736
8.89861 1582808
8.90361 1583880
8.9086 1584416
8.9136 1585488
8.9186 1586560
8.9236 1587632
8.9286 1588704
8.9336 1589776
8.9386 1590848
8.9436 1591920
8.9486 1592992
8.9536 1594064
8.9586 1595136
8.9636 1595672
8.9686 1596744
8.9736 1597816
8.97864 1598888
8.98364 1599960
8.98864 1601032
8.99364 1602104
8.99864 1603176
9.00364 1604248
9.00864 1605320
9.01364 1606392
9.01864 1606928
9.02364 1608000
9.02864 1609072
9.03364 1610144
9.03864 1611216
9.04363 1612288
9.04863 1613360
9.05363 1614432
9.05863 1615504
9.06363 1616576
9.06863 1617648
9.07363 1618184
9.07863 1619256
9.08363 1620328
9.08863 1621400
9.09363 1622472
9.09863 1623544
9.10363 1624616
9.10863 1625688
9.11363 1626760
9.11863 1627832
9.12362 1628904
9.12862 1629440
9.13362 1630512
9.13862 1631584
9.14362 1632656
9.14862 1633728
9.15362 1634800
9.15862 1635872
9.16362 1636944
9.16862 1638016
9.17362 1639088
9.17862 1640160
9.18362 1640696
9.18862 1641768
9.19362 1642840
9.19861 1643912
9.20361 1644984
9.20861 1646056
9.21361 1647128
9.21861 1648200
9.22361 1649272
9.22861 1650344
9.23361 1651416
9.23861 1652488
9.24361 1653024
9.24861 1654096
9.25361 1655168
9.25861 1656240
9.26361 1657312
9.26861 1658384
9.27361 1659456
9.2786 1660528
9.2836 1661600
9.2886 1662672
9.2936 1663744
9.2986 1664280
9.3036 1665352
9.3086 1666424
9.3136 1667496
9.3186 1668568
9.3236 1669640
9.3286 1670712
9.3336 1671784
9.3386 1672856
9.3436 1673928
9.34864 1675000
9.35364 1675536
9.35864 1676608
9.36364 1677680
9.36864 1678752
9.37364 1679824
9.37864 1680896
9.38364 1681968
9.38864 1683040
9.39364 1684112
9.39864 1685184
9.40364 1686256
9.40864 1686792
9.41363 1687864
9.41863 1688936
9.42363 1690008
9.42863 1691080
9.43363 1692152
9.43863 1693224
9.44363 1694296
9.44863 1695368
9.45363 1696440
9.45863 1697512
9.46363 1698048
9.46863 1699120
9.47363 1700192
9.47863 1701264
9.48363 1702336
9.48862 1703408
9.49362 1704480
9.49862 1705552
9.50362 1706624
9.50862 1707696
9.51362 1708768
9.51862 1709304
9.52362 1710376
9.52862 1711448
9.53362 1712520
9.53862 1713592
9.54362 1714664
9.54862 1715736
9.55362 1716808
9.55862 1717880
9.56362 1718952
9.56861 1720024
9.57361 1721096
9.57861 1721632
9.58361 1722704
9.58861 1723776
9.59361 1724848
9.59861 1725920
9.60361 1726992
9.60861 1728064
9.61361 1729136
9.61861 1730208
9.62361 1731280
9.62861 1732352
9.63361 1732888
9.63861 1733960
9.64361 1735032
9.6486 1736104
9.6536 1737176
9.6586 1738248
9.6636 1739320
9.6686 1740392
9.6736 1741464
9.6786 1742536
9.6836 1743608
9.6886 1744144
9.6936 1745216
9.6986 1746288
9.7036 1747360
9.7086 1748432
9.71364 1749504
9.71864 1750576
9.72364 1751648
9.72864 1752720
9.73364 1753792
9.73864 1754864
9.74364 1755400
9.74864 1756472
9.75364 1757544
9.75864 1758616
9.76364 1759688
9.76864 1760760
9.77364 1761832
9.77864 1762904
9.78363 1763976
9.78863 1765048
9.79363 1766120
9.79863 1766656
9.80363 1767728
9.80863 1768800
9.81363 1769872
9.81863 1770944
9.82363 1772016
9.82863 1773088
9.83363 1774160
9.83863 1775232
9.84363 1776304
9.84863 1777376
9.85363 1777912
9.85862 1778984
9.86362 1780056
9.86862 1781128
9.87362 1782200
9.87862 1783272
9.88362 1784344
9.88862 1785416
9.89362 1786488
9.89862 1787560
9.90362 1788632
9.90862 1789704
9.91362 1790240
9.91862 1791312
9.92362 1792384
9.92862 1793456
9.93362 1794528
9.93861 1795600
9.94361 1796672
9.94861 1797744
9.95361 1798816
9.95861 1799888
9.96361 1800960
9.96861 1801496
9.97361 1802568
9.97861 1803640
9.98361 1804712
9.98861 1805784
9.99361 1806856
9.99861 1807928
10.0036 1809000
10.0086 1810072
10.0136 1811144
10.0186 1812216
10.0236 1812752
10.0286 1813824
10.0336 1814896
10.0386 1815968
10.0436 1817040
10.0486 1818112
10.0536 1819184
10.0586 1820256
10.0636 1821328
10.0686 1822400
10.0736 1823472
10.0786 1824008
10.0836 1825080
10.0886 1826152
10.0936 1827224
10.0986 1828296
10.1036 1829368
10.1086 1830440
10.1136 1831512
10.1186 1832584
10.1236 1833656
10.1286 1834728
10.1336 1835264
10.1386 1836336
10.1436 1837408
10.1486 1838480
10.1536 1839552
10.1586 1840624
10.1636 1841696
10.1686 1842768
10.1736 1843840
10.1786 1844912
10.1836 1845984
10.1886 1846520
10.1936 1847592
10.1986 1848664
10.2036 1849736
10.2086 1850808
10.2136 1851880
10.2186 1852952
10.2236 1854024
10.2286 1855096
10.2336 1856168
10.2386 1857240
10.2436 1858312
10.2486 1858848
10.2536 1859920
10.2586 1860992
10.2636 1862064
10.2686 1863136
10.2736 1864208
10.2786 1865280
10.2836 1866352
10.2886 1867424
10.2936 1868496
10.2986 1869568
10.3036 1870104
10.3086 1871176
10.3136 1872248
10.3186 1873320
10.3236 1874392
10.3286 1875464
10.3336 1876536
10.3386 1877608
10.3436 1878680
10.3486 1879752
10.3536 1880824
10.3586 1881360
10.3636 1882432
10.3686 1883504
10.3736 1884576
10.3786 1885648
10.3836 1886720
10.3886 1887792
10.3936 1888864
10.3986 1889936
10.4036 1891008
10.4086 1892080
10.4136 1892616
10.4186 1893688
10.4236 1894760
10.4286 1895832
10.4336 1896904
10.4386 1897976
10.4436 1899048
10.4486 1900120
10.4536 1901192
10.4586 1902264
10.4636 1903336
10.4686 1903872
10.4736 1904944
10.4786 1906016
10.4836 1907088
10.4886 1908160
10.4936 1909232
10.4986 1910304
10.5036 1911376
10.5086 1912448
10.5136 1913520
10.5186 1914592
10.5236 1915128
10.5286 1916200
10.5336 1917272
10.5386 1918344
10.5436 1919416
10.5486 1920488
10.5536 1921560
10.5586 1922632
10.5636 1923704
10.5686 1924776
10.5736 1925848
10.5786 1926920
10.5836 1927456
10.5886 1928528
10.5936 1929600
10.5986 1930672
10.6036 1931744
10.6086 1932816
10.6136 1933888
10.6186 1934960
10.6236 1936032
10.6286 1937104
10.6336 1938176
10.6386 1938712
10.6436 1939784
10.6486 1940856
10.6536 1941928
10.6586 1943000
10.6636 1944072
10.6686 1945144
10.6736 1946216
10.6786 1947288
10.6836 1948360
10.6886 1949432
10.6936 1949968
10.6986 1951040
10.7036 1952112
10.7086 1953184
10.7136 1954256
10.7186 1955328
10.7236 1956400
10.7286 1957472
10.7336 1958544
10.7386 1959616
10.7436 1960688
10.7486 1961224
10.7536 1962296
10.7586 1963368
10.7636 1964440
10.7686 1965512
10.7736 1966584
10.7786 1967656
10.7836 1968728
10.7886 1969800
10.7936 1970872
10.7986 1971944
10.8036 1972480
10.8086 1973552
10.8136 1974624
10.8186 1975696
10.8236 1976768
10.8286 1977840
10.8336 1978912
10.8386 1979984
10.8436 1981056
10.8486 1982128
10.8536 1983200
10.8586 1983736
10.8636 1984808
10.8686 1985880
10.8736 1986952
10.8786 1988024
10.8836 1989096
10.8886 1990168
10.8936 1991240
10.8986 1992312
10.9036 1993384
10.9086 1994456
10.9136 1995528
10.9186 1996064
10.9236 1997136
10.9286 1998208
10.9336 1999280
10.9386 2000352
10.9436 2001424
10.9486 2002496
10.9536 2003568
10.9586 2004640
10.9636 2005712
10.9686 2006784
10.9736 2007320
10.9786 2008392
10.9836 2009464
10.9886 2010536
10.9936 2011608
10.9986 2012680
11.0036 2013752
11.0086 2014824
11.0136 2015896
11.0186 2016968
11.0236 2018040
11.0286 2018576
11.0336 2019648
11.0386 2020720
11.0436 2021792
11.0486 2022864
11.0536 2023936
11.0586 2025008
11.0636 2026080
11.0686 2027152
11.0736 2028224
11.0786 2029296
11.0836 2029832
11.0886 2030904
11.0936 2031976
11.0986 2033048
11.1036 2034120
11.1086 2035192
11.1136 2036264
11.1186 2037336
11.1236 2038408
11.1286 2039480
11.1336 2040552
11.1386 2041088
11.1436 2042160
11.1486 2043232
11.1536 2044304
11.1586 2045376
11.1636 2046448
11.1686 2047520
11.1736 2048592
11.1786 2049664
11.1836 2050736
11.1886 2051808
11.1936 2052344
11.1986 2053416
11.2036 2054488
11.2086 2055560
11.2136 2056632
11.2186 2057704
11.2236 2058776
11.2286 2059848
11.2336 2060920
11.2386 2061992
11.2436 2063064
11.2486 2064136
11.2536 2064672
11.2586 2065744
11.2636 2066816
11.2686 2067888
11.2736 2068960
11.2786 2070032
11.2836 2071104
11.2886 2072176
11.2936 2073248
11.2986 2074320
11.3036 2075392
11.3086 2075928
11.3136 2077000
11.3186 2078072
11.3236 2079144
11.3286 2080216
11.3336 2081288
11.3386 2082360
11.3436 2083432
11.3486 2084504
11.3536 2085576
11.3586 2086648
11.3636 2087184
11.3686 2088256
11.3736 2089328
11.3786 2090400
11.3836 2091472
11.3886 2092544
11.3936 2093616
11.3986 2094688
11.4036 2095760
11.4086 2096832
11.4136 2097904
11.4186 2098440
11.4236 2099512
11.4286 2100584
11.4336 2101656
11.4386 2102728
11.4436 2103800
11.4486 2104872
11.4536 2105944
11.4586 2107016
11.4636 2108088
11.4686 2109160
11.4736 2109696
11.4786 2110768
11.4836 2111840
11.4886 2112912
11.4936 2113984
11.4986 2115056
11.5036 2116128
11.5086 2117200
11.5136 2118272
11.5186 2119344
11.5236 2120416
11.5286 2120952
11.5336 2122024
11.5386 2123096
11.5436 2124168
11.5486 2125240
11.5536 2126312
11.5586 2127384
11.5636 2128456
11.5686 2129528
11.5736 2130600
11.5786 2131672
11.5836 2132744
11.5886 2133280
11.5936 2134352
11.5986 2135424
11.6036 2136496
11.6086 2137568
11.6136 2138640
11.6186 2139712
11.6236 2140784
11.6286 2141856
11.6336 2142928
11.6386 2144000
11.6436 2144536
11.6486 2145608
11.6536 2146680
11.6586 2147752
11.6636 2148824
11.6686 2149896
11.6736 2150968
11.6786 2152040
11.6836 2153112
11.6886 2154184
11.6936 2155256
11.6986 2155792
11.7036 2156864
11.7086 2157936
11.7136 2159008
11.7186 2160080
11.7236 2161152
11.7286 2162224
11.7336 2163296
11.7386 2164368
11.7436 2165440
11.7486 2166512
11.7536 2167048
11.7586 2168120
11.7636 2169192
11.7686 2170264
11.7736 2171336
11.7786 2172408
11.7836 2173480
11.7886 2174552
11.7936 2175624
11.7986 2176696
11.8036 2177768
11.8086 2178304
11.8136 2179376
11.8186 2180448
11.8236 2181520
11.8286 2182592
11.8336 2183664
11.8386 2184736
11.8436 2185808
11.8486 2186880
11.8536 2187952
11.8586 2189024
11.8636 2189560
11.8686 2190632
11.8736 2191704
11.8786 2192776
11.8836 2193848
11.8886 2194920
11.8936 2195992
11.8986 2197064
11.9036 2198136
11.9086 2199208
11.9136 2200280
11.9186 2201352
11.9236 2201888
11.9286 2202960
11.9336 2204032
11.9386 2205104
11.9436 2206176
11.9486 2207248
11.9536 2208320
11.9586 2209392
11.9636 2210464
11.9686 2211536
11.9736 2212608
11.9786 2213144
11.9836 2214216
11.9886 2215288
11.9936 2216360
11.9986 2217432
12.0036 2218504
12.0086 2219576
12.0136 2220648
12.0186 2221720
12.0236 2222792
12.0286 2223864
12.0336 2224400
12.0386 2225472
12.0436 2226544
12.0486 2227616
12.0536 2228688
12.0586 2229760
12.0636 2230832
12.0686 2231904
12.0736 2232976
12.0786 2234048
12.0836 2235120
12.0886 2235656
12.0936 2236728
12.0986 2237800
12.1036 2238872
12.1086 2239944
12.1136 2241016
12.1186 2242088
12.1236 2243160
12.1286 2244232
12.1336 2245304
12.1386 2246376
12.1436 2246912
12.1486 2247984
12.1536 2249056
12.1586 2250128
12.1636 2251200
12.1686 2252272
12.1736 2253344
12.1786 2254416
12.1836 2255488
12.1886 2256560
12.1936 2257632
12.1986 2258168
12.2036 2259240
12.2086 2260312
12.2136 2261384
12.2186 2262456
12.2236 2263528
12.2286 2264600
12.2336 2265672
12.2386 2266744
12.2436 2267816
12.2486 2268888
12.2536 2269960
12.2586 2270496
12.2636 2271568
12.2686 2272640
12.2736 2273712
12.2786 2274784
12.2836 2275856
12.2886 2276928
12.2936 2278000
12.2986 2279072
12.3036 2280144
12.3086 2281216
12.3136 2281752
12.3186 2282824
12.3236 2283896
12.3286 2284968
12.3336 2286040
12.3386 2287112
12.3436 2288184
12.3486 2289256
12.3536 2290328
12.3586 2291400
12.3636 2292472
12.3686 2293008
12.3736 2294080
12.3786 2295152
12.3836 2296224
12.3886 2297296
12.3936 2298368
12.3986 2299440
12.4036 2300512
12.4086 2301584
12.4136 2302656
12.4186 2303728
12.4236 2304264
12.4286 2305336
12.4336 2306408
12.4386 2307480
12.4436 2308552
12.4486 2309624
12.4536 2310696
12.4586 2311768
12.4636 2312840
12.4686 2313912
12.4736 2314984
12.4786 2315520
12.4836 2316592
12.4886 2317664
12.4936 2318736
12.4986 2319808
12.5036 2320880
12.5086 2321952
12.5136 2323024
12.5186 2324096
12.5236 2325168
12.5286 2326240
12.5336 2326776
12.5386 2327848
12.5436 2328920
12.5486 2329992
12.5536 2331064
12.5586 2332136
12.5636 2333208
12.5686 2334280
12.5736 2335352
12.5786 2336424
12.5836 2337496
12.5886 2338568
12.5936 2339104
12.5986 2340176
12.6036 2341248
12.6086 2342320
12.6136 2343392
12.6186 2344464
12.6236 2345536
12.6286 2346608
12.6336 2347680
12.6386 2348752
12.6436 2349824
12.6486 2350360
12.6536 2351432
12.6586 2352504
12.6636 2353576
12.6686 2354648
12.6736 2355720
12.6786 2356792
12.6836 2357864
12.6886 2358936
12.6936 2360008
12.6986 2361080
12.7036 2361616
12.7086 2362688
12.7136 2363760
12.7186 2364832
12.7236 2365904
12.7286 2366976
12.7336 2368048
12.7386 2369120
12.7436 2370192
12.7486 2371264
12.7536 2372336
12.7586 2372872
12.7636 2373944
12.7686 2375016
12.7736 2376088
12.7786 2377160
12.7836 2378232
12.7886 2379304
12.7936 2380376
12.7986 2381448
12.8036 2382520
12.8086 2383592
12.8136 2384128
12.8186 2385200
12.8236 2386272
12.8286 2387344
12.8336 2388416
12.8386 2389488
12.8436 2390560
12.8486 2391632
12.8536 2392704
12.8586 2393776
12.8636 2394848
12.8686 2395384
12.8736 2396456
12.8786 2397528
12.8836 2398600
12.8886 2399672
12.8936 2400744
12.8986 2401816
12.9036 2402888
12.9086 2403960
12.9136 2405032
12.9186 2406104
12.9236 2407176
12.9286 2407712
12.9336 2408784
12.9386 2409856
12.9436 2410928
12.9486 2412000
12.9536 2413072
12.9586 2414144
12.9636 2415216
12.9686 2416288
12.9736 2417360
12.9786 2418432
12.9836 2418968
12.9886 2420040
12.9936 2421112
12.9986 2422184
13.0036 2423256
13.0086 2424328
13.0136 2425400
13.0186 2426472
13.0236 2427544
13.0286 2428616
13.0336 2429688
13.0386 2430224
13.0436 2431296
13.0486 2432368
13.0536 2433440
13.0586 2434512
13.0636 2435584
13.0686 2436656
13.0736 2437728
13.0786 2438800
13.0836 2439872
13.0886 2440944
13.0936 2441480
13.0986 2442552
13.1036 2443624
13.1086 2444696
13.1136 2445768
13.1186 2446840
13.1236 2447912
13.1286 2448984
13.1336 2450056
13.1386 2451128
13.1436 2452200
13.1486 2452736
13.1536 2453808
13.1586 2454880
13.1636 2455952
13.1686 2457024
13.1736 2458096
13.1786 2459168
13.1836 2460240
13.1886 2461312
13.1936 2462384
13.1986 2463456
13.2036 2463992
13.2086 2465064
13.2136 2466136
13.2186 2467208
13.2236 2468280
13.2286 2469352
13.2336 2470424
13.2386 2471496
13.2436 2472568
13.2486 2473640
13.2536 2474712
13.2586 2475784
13.2636 2476320
13.2686 2477392
13.2736 2478464
13.2786 2479536
13.2836 2480608
13.2886 2481680
13.2936 2482752
13.2986 2483824
13.3036 2484896
13.3086 2485968
13.3136 2487040
13.3186 2487576
13.3236 2488648
13.3286 2489720
13.3336 2490792
13.3386 2491864
13.3436 2492936
13.3486 2494008
13.3536 2495080
13.3586 2496152
13.3636 2497224
13.3686 2498296
13.3736 2498832
13.3786 2499904
13.3836 2500976
13.3886 2502048
13.3936 2503120
13.3986 2504192
13.4036 2505264
13.4086 2506336
13.4136 2507408
13.4186 2508480
13.4236 2509552
13.4286 2510088
13.4336 2511160
13.4386 2512232
13.4436 2513304
13.4486 2514376
13.4536 2515448
13.4586 2516520
13.4636 2517592
13.4686 2518664
13.4736 2519736
13.4786 2520808
13.4836 2521344
13.4886 2522416
13.4936 2523488
13.4986 2524560
13.5036 2525632
13.5086 2526704
13.5136 2527776
13.5186 2528848
13.5236 2529920
13.5286 2530992
13.5336 2532064
13.5386 2532600
13.5436 2533672
13.5486 2534744
13.5536 2535816
13.5586 2536888
13.5636 2537960
13.5686 2539032
13.5736 2540104
13.5786 2541176
13.5836 2542248
13.5886 2543320
13.5936 2544392
13.5986 2544928
13.6036 2546000
13.6086 2547072
13.6136 2548144
13.6186 2549216
13.6236 2550288
13.6286 2551360
13.6336 2552432
13.6386 2553504
13.6436 2554576
13.6486 2555648
13.6536 2556184
13.6586 2557256
13.6636 2558328
13.6686 2559400
13.6736 2560472
13.6786 2561544
13.6836 2562616
13.6886 2563688
13.6936 2564760
13.6986 2565832
13.7036 2566904
13.7086 2567440
13.7136 2568512
13.7186 2569584
13.7236 2570656
13.7286 2571728
13.7336 2572800
13.7386 2573872
13.7436 2574944
13.7486 2576016
13.7536 2577088
13.7586 2578160
13.7636 2578696
13.7686 2579768
13.7736 2580840
13.7786 2581912
13.7836 2582984
13.7886 2584056
13.7936 2585128
13.7986 2586200
13.8036 2587272
13.8086 2588344
13.8136 2589416
13.8186 2589952
13.8236 2591024
13.8286 2592096
13.8336 2593168
13.8386 2594240
13.8436 2595312
13.8486 2596384
13.8536 2597456
13.8586 2598528
13.8636 2599600
13.8686 2600672
13.8736 2601208
13.8786 2602280
13.8836 2603352
13.8886 2604424
13.8936 2605496
13.8986 2606568
13.9036 2607640
13.9086 2608712
13.9136 2609784
13.9186 2610856
13.9236 2611928
13.9286 2613000
13.9336 2613536
13.9386 2614608
13.9436 2615680
13.9486 2616752
13.9536 2617824
13.9586 2618896
13.9636 2619968
13.9686 2621040
13.9736 2622112
13.9786 2623184
13.9836 2624256
13.9886 2624792
13.9936 2625864
13.9986 2626936
14.0036 2628008
14.0086 2629080
14.0136 2630152
14.0186 2631224
14.0236 2632296
14.0286 2633368
14.0336 2634440
14.0386 2635512
14.0436 2636048
14.0486 2637120
14.0536 2638192
14.0586 2639264
14.0636 2640336
14.0686 2641408
14.0736 2642480
14.0786 2643552
14.0836 2644624
14.0886 2645696
14.0936 2646768
14.0986 2647304
14.1036 2648376
14.1086 2649448
14.1136 2650520
14.1186 2651592
14.1236 2652664
14.1286 2653736
14.1336 2654808
14.1386 2655880
14.1436 2656952
14.1486 2658024
14.1536 2658560
14.1586 2659632
14.1636 2660704
14.1686 2661776
14.1736 2662848
14.1786 2663920
14.1836 2664992
14.1886 2666064
14.1936 2667136
14.1986 2668208
14.2036 2669280
14.2086 2669816
14.2136 2670888
14.2186 2671960
14.2236 2673032
14.2286 2674104
14.2336 2675176
14.2386 2676248
14.2436 2677320
14.2486 2678392
14.2536 2679464
14.2586 2680536
14.2636 2681608
14.2686 2682144
14.2736 2683216
14.2786 2684288
14.2836 2685360
14.2886 2686432
14.2936 2687504
14.2986 2688576
14.3036 2689648
14.3086 2690720
14.3136 2691792
14.3186 2692864
14.3236 2693400
14.3286 2694472
14.3336 2695544
14.3386 2696616
14.3436 2697688
14.3486 2698760
14.3536 2699832
14.3586 2700904
14.3636 2701976
14.3686 2703048
14.3736 2704120
14.3786 2704656
14.3836 2705728
14.3886 2706800
14.3936 2707872
14.3986 2708944
14.4036 2710016
14.4086 2711088
14.4136 2712160
14.4186 2713232
14.4236 2714304
14.4286 2715376
14.4336 2715912
14.4386 2716984
14.4436 2718056
14.4486 2719128
14.4536 2720200
14.4586 2721272
14.4636 2722344
14.4686 2723416
14.4736 2724488
14.4786 2725560
14.4836 2726632
14.4886 2727168
14.4936 2728240
14.4986 2729312
14.5036 2730384
14.5086 2731456
14.5136 2732528
14.5186 2733600
14.5236 2734672
14.5286 2735744
14.5336 2736816
14.5386 2737888
14.5436 2738424
14.5486 2739496
14.5536 2740568
14.5586 2741640
14.5636 2742712
14.5686 2743784
14.5736 2744856
14.5786 2745928
14.5836 2747000
14.5886 2748072
14.5936 2749144
14.5986 2750216
14.6036 2750752
14.6086 2751824
14.6136 2752896
14.6186 2753968
14.6236 2755040
14.6286 2756112
14.6336 2757184
14.6386 2758256
14.6436 2759328
14.6486 2760400
14.6536 2761472
14.6586 2762008
14.6636 2763080
14.6686 2764152
14.6736 2765224
14.6786 2766296
14.6836 2767368
14.6886 2768440
14.6936 2769512
14.6986 2770584
14.7036 2771656
14.7086 2772728
14.7136 2773264
14.7186 2774336
14.7236 2775408
14.7286 2776480
14.7336 2777552
14.7386 2778624
14.7436 2779696
14.7486 2780768
14.7536 2781840
14.7586 2782912
14.7636 2783984
14.7686 2784520
14.7736 2785592
14.7786 2786664
14.7836 2787736
14.7886 2788808
14.7936 2789880
14.7986 2790952
14.8036 2792024
14.8086 2793096
14.8136 2794168
14.8186 2795240
14.8236 2795776
14.8286 2796848
14.8336 2797920
14.8386 2798992
14.8436 2800064
14.8486 2801136
14.8536 2802208
14.8586 2803280
14.8636 2804352
14.8686 2805424
14.8736 2806496
14.8786 2807032
14.8836 2808104
14.8886 2809176
14.8936 2810248
14.8986 2811320
14.9036 2812392
14.9086 2813464
14.9136 2814536
14.9186 2815608
14.9236 2816680
14.9286 2817752
14.9336 2818824
14.9386 2819360
14.9436 2820432
14.9486 2821504
14.9536 2822576
14.9586 2823648
14.9636 2824720
14.9686 2825792
14.9736 2826864
14.9786 2827936
14.9836 2829008
14.9886 2830080
14.9936 2830616
14.9986 2831688
15.0036 2832760
15.0086 2833832
15.0136 2834904
15.0186 2835976
15.0236 2837048
15.0286 2838120
15.0336 2839192
15.0839 2839728
15.1339 2840264
15.1889 2840800
15.2389 2841336
15.2939 2841872
15.3439 2842408
15.3989 2842944
15.4489 2843480
15.5039 2844016
15.5539 2844552
15.6089 2845088
15.6589 2845624
15.7089 2846160
15.7639 2846696
15.8139 2847232
15.8689 2847768
15.9189 2848304
15.9739 2848840
16.0239 2849376
16.0789 2849912
16.1289 2850448
16.1839 2850984
16.2339 2851520
16.2889 2852056
16.3389 2852592
16.3939 2853128
16.4439 2853664
16.4989 2854200
16.5489 2854736
16.5989 2855272
16.6539 2855808
16.7039 2856344
16.7589 2856880
16.8089 2857416
16.8639 2857952
16.9139 2858488
16.9689 2859024
17.0189 2859560
17.0739 2860096
17.1239 2860632
17.1789 2861168
17.2289 2861704
17.2839 2862240
17.3339 2862776
17.3839 2863312
17.4389 2863848
17.4889 2864384
17.5439 2864920
17.5939 2865456
17.6489 2865992
17.6989 2866528
17.7539 2867064
17.8039 2867600
17.8589 2868136
17.9089 2868672
17.9639 2869208
18.0139 2869744
18.0689 2870280
18.1189 2870816
18.1739 2871352
18.2239 2871888
18.2739 2872424
18.3289 2872960
18.3789 2873496
18.4339 2874032
18.4839 2874568
18.5389 2875104
18.5889 2875640
18.6439 2876176
18.6939 2876712
18.7489 2877248
18.7989 2877784
18.8539 2878320
18.9039 2878856
18.9589 2879392
19.0089 2879928
19.0589 2880464
19.1139 2881000
19.1639 2881536
19.2189 2882072
19.2689 2882608
19.3239 2883144
19.3739 2883680
19.4289 2884216
19.4789 2884752
19.5339 2885288
19.5839 2885824
19.6389 2886360
19.6889 2886896
19.7439 2887432
19.7939 2887968
19.8489 2888504
19.8989 2889040
19.9489 2889576
