0.0	0
1.7886 5360
2.39376 5896
2.39876 6432
2.40376 7504
2.40876 8576
2.41376 9648
2.6138 10184
2.99396 11256
2.99896 12328
3.00391 13400
3.00401 14472
3.00891 15544
3.00901 16616
3.01391 17688
3.01401 18760
3.21395 19832
3.414 20368
3.59416 21440
3.59425 22512
3.59916 23584
3.59925 24656
3.60411 25728
3.60421 26800
3.6043 27872
3.6044 28944
3.60911 30016
3.60921 31088
3.6093 32160
3.6094 33232
3.61411 34304
3.61421 35376
3.6143 36448
3.6144 37520
3.81416 38592
3.81425 39664
4.0142 40736
4.19436 41808
4.19446 42880
4.19455 43952
4.19464 45024
4.19936 46096
4.19946 47168
4.19955 48240
4.19964 49312
4.20431 50384
4.20441 51456
4.2045 52528
4.2046 53600
4.20469 54672
4.20479 55744
4.20488 56816
4.20498 57888
4.20931 58960
4.20941 60032
4.2095 61104
4.2096 62176
4.20969 63248
4.20979 64320
4.20988 65392
4.20998 66464
4.21431 67536
4.21441 68608
4.2145 69680
4.2146 70752
4.21469 71824
4.21479 72896
4.21488 73968
4.21498 75040
4.41436 76112
4.41445 77184
4.41455 78256
4.41464 79328
4.6144 80400
4.6145 81472
4.79456 82544
4.79466 83616
4.79475 84688
4.79485 85760
4.79494 86832
4.79504 87904
4.79513 88976
4.79522 90048
4.79956 91120
4.79966 92192
4.79975 93264
4.79985 94336
4.79994 95408
4.80004 96480
4.80013 97552
4.80022 98624
4.80452 99696
4.80461 100768
4.8047 101840
4.8048 102912
4.80489 103984
4.80499 105056
4.80508 106128
4.80518 107200
4.80527 108272
4.80537 109344
4.80546 110416
4.80555 111488
4.80565 112560
4.80574 113632
4.80584 114704
4.80593 115776
4.80952 116848
4.80961 117920
4.8097 118992
4.8098 120064
4.80989 121136
4.80999 122208
4.81008 123280
4.81018 124352
4.81027 125424
4.81037 126496
4.81046 127568
4.81055 128640
4.81065 129712
4.81074 130784
4.81084 131856
4.81093 132928
4.81452 134000
4.81461 135072
4.8147 136144
4.8148 137216
4.81489 138288
4.81499 139360
4.81508 140432
4.81518 141504
4.81527 142576
4.81537 143648
4.81546 144720
4.81555 145792
4.81565 146864
4.81574 147936
4.81584 149008
4.81593 150080
5.01456 151152
5.01465 152224
5.01475 153296
5.01484 154368
5.01494 155440
5.01503 156512
5.01513 157584
5.01522 158656
5.21461 159728
5.2147 160800
5.2148 161872
5.21489 162944
5.39477 164016
5.39486 165088
5.39495 166160
5.39505 167232
5.39514 168304
5.39524 169376
5.39533 170448
5.39543 171520
5.39552 172592
5.39561 173664
5.39571 174736
5.3958 175808
5.3959 176880
5.39599 177952
5.39609 179024
5.39618 180096
5.39977 181168
5.39986 182240
5.39995 183312
5.40005 184384
5.40014 185456
5.40024 186528
5.40033 187600
5.40043 188672
5.40052 189744
5.40061 190816
5.40071 191888
5.4008 192960
5.4009 194032
5.40099 195104
5.40109 196176
5.40118 197248
5.40472 198320
5.40481 199392
5.40491 200464
5.405 201536
5.4051 202608
5.40519 203680
5.40528 204752
5.40538 205824
5.40547 206896
5.40557 207968
5.40566 209040
5.40576 210112
5.40585 211184
5.40595 212256
5.40604 213328
5.4061 213864
5.4088 214936
5.4138 216008
5.4188 217080
5.4238 218152
5.4288 219224
5.4338 220296
5.4388 221368
5.4438 222440
5.4488 222976
5.4538 224048
5.4588 225120
5.4638 226192
5.4688 227264
5.4738 228336
5.4788 229408
5.4838 230480
5.4888 231552
5.4938 232624
5.4988 233696
5.5038 234232
5.5088 235304
5.5138 236376
5.5188 237448
5.5238 238520
5.5288 239592
5.5338 240664
5.5388 241736
5.5438 242808
5.5488 243880
5.5538 244952
5.5588 245488
5.5638 246560
5.5688 247632
5.5738 248704
5.5788 249776
5.5838 250848
5.5888 251920
5.5938 252992
5.5988 254064
5.6038 255136
5.6088 256208
5.6138 256744
5.6188 257816
5.6238 258888
5.6288 259960
5.6338 261032
5.6388 262104
5.6438 263176
5.6488 264248
5.6538 265320
5.6588 266392
5.6638 267464
5.6688 268000
5.6738 269072
5.6788 270144
5.6838 271216
5.6888 272288
5.6938 273360
5.6988 274432
5.7038 275504
5.7088 276576
5.7138 277648
5.7188 278720
5.7238 279792
5.7288 280328
5.7338 281400
5.7388 282472
5.7438 283544
5.7488 284616
5.7538 285688
5.7588 286760
5.7638 287832
5.7688 288904
5.8188 289976
5.8238 291048
5.8288 291584
5.8338 292656
5.8388 293728
5.9988 294800
6.0038 295872
6.0088 296944
6.0138 298016
6.0188 299088
6.0238 300160
6.0288 301232
6.0338 302304
6.0388 302840
6.0438 303912
6.0488 304984
6.0538 306056
6.0588 307128
6.0638 308200
6.0688 309272
6.0738 310344
6.0788 311416
6.0838 312488
6.0888 313560
6.0938 314096
6.0988 315168
6.1038 316240
6.1088 317312
6.1138 318384
6.1188 319456
6.1238 320528
6.1288 321600
6.1338 322672
6.1388 323744
6.1438 324816
6.1488 325352
6.1538 326424
6.1588 327496
6.1638 328568
6.1688 329640
6.1738 330712
6.1788 331784
6.1838 332856
6.1888 333928
6.1938 335000
6.1988 336072
6.2038 336608
6.2088 337680
6.2138 338752
6.2188 339824
6.2238 340896
6.2288 341968
6.2338 343040
6.2388 344112
6.2438 345184
6.2488 346256
6.2538 347328
6.2588 348400
6.2638 348936
6.2688 350008
6.2738 351080
6.2788 352152
6.2838 353224
6.2888 354296
6.2938 355368
6.2988 356440
6.3038 357512
6.3088 358584
6.3138 359656
6.3188 360192
6.3238 361264
6.3288 362336
6.3338 363408
6.3388 364480
6.3438 365552
6.3488 366624
6.3538 367696
6.3588 368768
6.3638 369840
6.3688 370912
6.3738 371448
6.3788 372520
6.3838 373592
6.3888 374664
6.3938 375736
6.3988 376808
6.4038 377880
6.4088 378952
6.4138 380024
6.4188 381096
6.4238 382168
6.4288 382704
6.4338 383776
6.4388 384848
6.4438 385920
6.4488 386992
6.4538 388064
6.4588 389136
6.4638 390208
6.4688 391280
6.4738 392352
6.4788 393424
6.4838 393960
6.4888 395032
6.4938 396104
6.4988 397176
6.5038 398248
6.5088 399320
6.5138 400392
6.5188 401464
6.5238 402536
6.5288 403608
6.5338 404680
6.5388 405216
6.5438 406288
6.5488 407360
6.5538 408432
6.5588 409504
6.5638 410576
6.5688 411648
6.5738 412720
6.5788 413792
6.5838 414864
6.5888 415936
6.5938 417008
6.5988 417544
6.6038 418616
6.6088 419688
6.6138 420760
6.6188 421832
6.6238 422904
6.6288 423976
6.6338 425048
6.6388 426120
6.6438 427192
6.6488 428264
6.6538 428800
6.6588 429872
6.6638 430944
6.6688 432016
6.6738 433088
6.6788 434160
6.6838 435232
6.6888 436304
6.6938 437376
6.6988 438448
6.70385 439520
6.7088 440056
6.7138 441128
6.7188 442200
6.7238 443272
6.7288 444344
6.7338 445416
6.7388 446488
6.7438 447560
6.7488 448632
6.7538 449704
6.7588 450776
6.7638 451312
6.7688 452384
6.7738 453456
6.7788 454528
6.7838 455600
6.7888 456672
6.7938 457744
6.7988 458816
6.8038 459888
6.8088 460960
6.8138 462032
6.8188 462568
6.8238 463640
6.8288 464712
6.8338 465784
6.8388 466856
6.8438 467928
6.8488 469000
6.8538 470072
6.8588 471144
6.8638 472216
6.8688 473288
6.8738 473824
6.8788 474896
6.8838 475968
6.8888 477040
6.8938 478112
6.8988 479184
6.9038 480256
6.9088 481328
6.9138 482400
6.9188 483472
6.9238 484544
6.9288 485616
6.9338 486152
6.9388 487224
6.9438 488296
6.9488 489368
6.9538 490440
6.9588 491512
6.9638 492584
6.9688 493656
6.9738 494728
6.9788 495800
6.9838 496872
6.9888 497408
6.9938 498480
6.9988 499552
7.0038 500624
7.0088 501696
7.0138 502768
7.0188 503840
7.0238 504912
7.0288 505984
7.0338 507056
7.0388 508128
7.0438 508664
7.0488 509736
7.0538 510808
7.0588 511880
7.0638 512952
7.0688 514024
7.0738 515096
7.0788 516168
7.0838 517240
7.0888 518312
7.0938 519384
7.0988 519920
7.10386 520992
7.10895 522064
7.1138 523136
7.1188 524208
7.1238 525280
7.1288 526352
7.1338 527424
7.1388 528496
7.1438 529568
7.1488 530640
7.1538 531176
7.1588 532248
7.1638 533320
7.1688 534392
7.1738 535464
7.1788 536536
7.1838 537608
7.1888 538680
7.1938 539752
7.1988 540824
7.2038 541896
7.2088 542432
7.2138 543504
7.2188 544576
7.2238 545648
7.2288 546720
7.2338 547792
7.2388 548864
7.2438 549936
7.2488 551008
7.2538 552080
7.2588 553152
7.2638 554224
7.2688 554760
7.2738 555832
7.2788 556904
7.2838 557976
7.2888 559048
7.2938 560120
7.2988 561192
7.3038 562264
7.3088 563336
7.3138 564408
7.3188 565480
7.3238 566016
7.3288 567088
7.3338 568160
7.3388 569232
7.3438 570304
7.3488 571376
7.3538 572448
7.3588 573520
7.3638 574592
7.3688 575664
7.3738 576736
7.3788 577272
7.3838 578344
7.3888 579416
7.3938 580488
7.3988 581560
7.4038 582632
7.4088 583704
7.4138 584776
7.4188 585848
7.4238 586920
7.4288 587992
7.4338 588528
7.4388 589600
7.4438 590672
7.4488 591744
7.4538 592816
7.4588 593888
7.4638 594960
7.4688 596032
7.4738 597104
7.4788 598176
7.4838 599248
7.4888 599784
7.4938 600856
7.4988 601928
7.50387 603000
7.50896 604072
7.51406 605144
7.51915 606216
7.5238 607288
7.5288 608360
7.5338 609432
7.5388 610504
7.5438 611040
7.5488 612112
7.5538 613184
7.5588 614256
7.5638 615328
7.5688 616400
7.5738 617472
7.5788 618544
7.5838 619616
7.5888 620688
7.5938 621760
7.5988 622832
7.6038 623368
7.6088 624440
7.6138 625512
7.6188 626584
7.6238 627656
7.6288 628728
7.6338 629800
7.6388 630872
7.6438 631944
7.6488 633016
7.6538 634088
7.6588 634624
7.6638 635696
7.6688 636768
7.6738 637840
7.6788 638912
7.6838 639984
7.6888 641056
7.6938 642128
7.6988 643200
7.70387 644272
7.7088 645344
7.7138 645880
7.7188 646952
7.7238 648024
7.7288 649096
7.7338 650168
7.7388 651240
7.7438 652312
7.7488 653384
7.7538 654456
7.7588 655528
7.7638 656600
7.7688 657136
7.7738 658208
7.7788 659280
7.7838 660352
7.7888 661424
7.7938 662496
7.7988 663568
7.8038 664640
7.8088 665712
7.8138 666784
7.8188 667856
7.8238 668392
7.8288 669464
7.8338 670536
7.8388 671608
7.8438 672680
7.8488 673752
7.8538 674824
7.8588 675896
7.8638 676968
7.8688 678040
7.8738 679112
7.8788 679648
7.8838 680720
7.8888 681792
7.8938 682864
7.8988 683936
7.90388 685008
7.90897 686080
7.91402 687152
7.91912 688224
7.92422 689296
7.92931 690368
7.93441 691440
7.9388 691976
7.9438 693048
7.9488 694120
7.9538 695192
7.9588 696264
7.9638 697336
7.9688 698408
7.9738 699480
7.9788 700552
7.9838 701624
7.9888 702696
7.9938 703232
7.9988 704304
8.0038 705376
8.0088 706448
8.0138 707520
8.0188 708592
8.0238 709664
8.0288 710736
8.0338 711808
8.0388 712880
8.0438 713952
8.0488 714488
8.0538 715560
8.0588 716632
8.0638 717704
8.0688 718776
8.0738 719848
8.0788 720920
8.0838 721992
8.0888 723064
8.0938 724136
8.0988 725208
8.10386 725744
8.1088 726816
8.1138 727888
8.1188 728960
8.1238 730032
8.1288 731104
8.1338 732176
8.1388 733248
8.1438 734320
8.1488 735392
8.1538 736464
8.1588 737000
8.1638 738072
8.1688 739144
8.1738 740216
8.1788 741288
8.1838 742360
8.1888 743432
8.1938 744504
8.1988 745576
8.2038 746648
8.2088 747720
8.2138 748256
8.2188 749328
8.2238 750400
8.2288 751472
8.2338 752544
8.2388 753616
8.2438 754688
8.2488 755760
8.2538 756832
8.2588 757904
8.2638 758976
8.2688 760048
8.2738 760584
8.2788 761656
8.2838 762728
8.2888 763800
8.2938 764872
8.2988 765944
8.30388 767016
8.30885 768088
8.31388 769160
8.31886 770232
8.32385 771304
8.32892 771840
8.3339 772912
8.3388 773984
8.3438 775056
8.3488 776128
8.3538 777200
8.3588 778272
8.3638 779344
8.3688 780416
8.3738 781488
8.3788 782560
8.3838 783096
8.3888 784168
8.3938 785240
8.3988 786312
8.4038 787384
8.4088 788456
8.4138 789528
8.4188 790600
8.4238 791672
8.4288 792744
8.4338 793816
8.4388 794352
8.4438 795424
8.4488 796496
8.4538 797568
8.4588 798640
8.4638 799712
8.4688 800784
8.4738 801856
8.4788 802928
8.4838 804000
8.4888 805072
8.4938 805608
8.4988 806680
8.50388 807752
8.5088 808824
8.5138 809896
8.5188 810968
8.5238 812040
8.5288 813112
8.5338 814184
8.5388 815256
8.5438 816328
8.5488 816864
8.5538 817936
8.5588 819008
8.5638 820080
8.5688 821152
8.5738 822224
8.5788 823296
8.5838 824368
8.5888 825440
8.5938 826512
8.5988 827584
8.6038 828656
8.6088 829192
8.6138 830264
8.6188 831336
8.6238 832408
8.6288 833480
8.6338 834552
8.6388 835624
8.6438 836696
8.6488 837768
8.6538 838840
8.6588 839912
8.6638 840448
8.6688 841520
8.6738 842592
8.6788 843664
8.6838 844736
8.6888 845808
8.6938 846880
8.6988 847952
8.70385 849024
8.70888 850096
8.71386 851168
8.71888 851704
8.72387 852776
8.72885 853848
8.73388 854920
8.7388 855992
8.7438 857064
8.7488 858136
8.7538 859208
8.7588 860280
8.7638 861352
8.7688 862424
8.7738 862960
8.7788 864032
8.7838 865104
8.7888 866176
8.7938 867248
8.7988 868320
8.8038 869392
8.8088 870464
8.8138 871536
8.8188 872608
8.8238 873680
8.8288 874216
8.8338 875288
8.8388 876360
8.8438 877432
8.8488 878504
8.8538 879576
8.8588 880648
8.8638 881720
8.8688 882792
8.8738 883864
8.8788 884936
8.8838 885472
8.8888 886544
8.8938 887616
8.8988 888688
8.90385 889760
8.9088 890832
8.9138 891904
8.9188 892976
8.9238 894048
8.9288 895120
8.9338 896192
8.9388 897264
8.9438 897800
8.9488 898872
8.9538 899944
8.9588 901016
8.9638 902088
8.9688 903160
8.9738 904232
8.9788 905304
8.9838 906376
8.9888 907448
8.9938 908520
8.9988 909056
9.0038 910128
9.0088 911200
9.0138 912272
9.0188 913344
9.0238 914416
9.0288 915488
9.0338 916560
9.0388 917632
9.0438 918704
9.0488 919776
9.0538 920312
9.0588 921384
9.0638 922456
9.0688 923528
9.0738 924600
9.0788 925672
9.0838 926744
9.0888 927816
9.0938 928888
9.0988 929960
9.10387 931032
9.10885 931568
9.11388 932640
9.11886 933712
9.12389 934784
9.12887 935856
9.13385 936928
9.1388 938000
9.1438 939072
9.1488 940144
9.1538 941216
9.1588 942288
9.1638 942824
9.1688 943896
9.1738 944968
9.1788 946040
9.1838 947112
9.1888 948184
9.1938 949256
9.1988 950328
9.2038 951400
9.2088 952472
9.2138 953544
9.2188 954080
9.2238 955152
9.2288 956224
9.2338 957296
9.2388 958368
9.2438 959440
9.2488 960512
9.2538 961584
9.2588 962656
9.2638 963728
9.2688 964800
9.2738 965872
9.2788 966408
9.2838 967480
9.2888 968552
9.2938 969624
9.2988 970696
9.30387 971768
9.3088 972840
9.3138 973912
9.3188 974984
9.3238 976056
9.3288 977128
9.3338 977664
9.3388 978736
9.3438 979808
9.3488 980880
9.3538 981952
9.3588 983024
9.3638 984096
9.3688 985168
9.3738 986240
9.3788 987312
9.3838 988384
9.3888 988920
9.3938 989992
9.3988 991064
9.4038 992136
9.4088 993208
9.4138 994280
9.4188 995352
9.4238 996424
9.4288 997496
9.4338 998568
9.4388 999640
9.4438 1000176
9.4488 1001248
9.4538 1002320
9.4588 1003392
9.4638 1004464
9.4688 1005536
9.4738 1006608
9.4788 1007680
9.4838 1008752
9.4888 1009824
9.4938 1010896
9.4988 1011432
9.50389 1012504
9.50887 1013576
9.51385 1014648
9.51888 1015720
9.52386 1016792
9.52889 1017864
9.53387 1018936
9.5388 1020008
9.5438 1021080
9.5488 1022152
9.5538 1022688
9.5588 1023760
9.5638 1024832
9.5688 1025904
9.5738 1026976
9.5788 1028048
9.5838 1029120
9.5888 1030192
9.5938 1031264
9.5988 1032336
9.6038 1033408
9.6088 1034480
9.6138 1035016
9.6188 1036088
9.6238 1037160
9.6288 1038232
9.6338 1039304
9.6388 1040376
9.6438 1041448
9.6488 1042520
9.6538 1043592
9.6588 1044664
9.6638 1045736
9.6688 1046272
9.6738 1047344
9.6788 1048416
9.6838 1049488
9.6888 1050560
9.6938 1051632
9.6988 1052704
9.70389 1053776
9.7088 1054848
9.7138 1055920
9.7188 1056992
9.7238 1057528
9.7288 1058600
9.7338 1059672
9.7388 1060744
9.7438 1061816
9.7488 1062888
9.7538 1063960
9.7588 1065032
9.7638 1066104
9.7688 1067176
9.7738 1068248
9.7788 1068784
9.7838 1069856
9.7888 1070928
9.7938 1072000
9.7988 1073072
9.8038 1074144
9.8088 1075216
9.8138 1076288
9.8188 1077360
9.8238 1078432
9.8288 1079504
9.8338 1080040
9.8388 1081112
9.8438 1082184
9.8488 1083256
9.8538 1084328
9.8588 1085400
9.8638 1086472
9.8688 1087544
9.8738 1088616
9.8788 1089688
9.8838 1090760
9.8888 1091296
9.8938 1092368
9.8988 1093440
9.90386 1094512
9.90888 1095584
9.91386 1096656
9.91885 1097728
9.92388 1098800
9.92886 1099872
9.93389 1100944
9.9388 1102016
9.9438 1103088
9.9488 1103624
9.9538 1104696
9.9588 1105768
9.9638 1106840
9.9688 1107912
9.9738 1108984
9.9788 1110056
9.9838 1111128
9.9888 1112200
9.9938 1113272
9.9988 1114344
10.0038 1114880
10.0088 1115952
10.0138 1117024
10.0188 1118096
10.0238 1119168
10.0288 1120240
10.0338 1121312
10.0388 1122384
10.0438 1123456
10.0488 1124528
10.0538 1125600
10.0588 1126136
10.0638 1127208
10.0688 1128280
10.0738 1129352
10.0788 1130424
10.0838 1131496
10.0888 1132568
10.0938 1133640
10.0988 1134712
10.1039 1135784
10.1088 1136856
10.1138 1137392
10.1188 1138464
10.1238 1139536
10.1288 1140608
10.1338 1141680
10.1388 1142752
10.1438 1143824
10.1488 1144896
10.1538 1145968
10.1588 1147040
10.1638 1148112
10.1688 1148648
10.1738 1149720
10.1788 1150792
10.1838 1151864
10.1888 1152936
10.1938 1154008
10.1988 1155080
10.2038 1156152
10.2088 1157224
10.2138 1158296
10.2188 1159368
10.2238 1159904
10.2288 1160976
10.2338 1162048
10.2388 1163120
10.2438 1164192
10.2488 1165264
10.2538 1166336
10.2588 1167408
10.2638 1168480
10.2688 1169552
10.2738 1170624
10.2788 1171696
10.2838 1172232
10.2888 1173304
10.2938 1174376
10.2988 1175448
10.3039 1176520
10.3089 1177592
10.3139 1178664
10.3189 1179736
10.3239 1180808
10.3289 1181880
10.3339 1182952
10.3388 1183488
10.3438 1184560
10.3488 1185632
10.3538 1186704
10.3588 1187776
10.3638 1188848
10.3688 1189920
10.3738 1190992
10.3788 1192064
10.3838 1193136
10.3888 1194208
10.3938 1194744
10.3988 1195816
10.4038 1196888
10.4088 1197960
10.4138 1199032
10.4188 1200104
10.4238 1201176
10.4288 1202248
10.4338 1203320
10.4388 1204392
10.4438 1205464
10.4488 1206000
10.4538 1207072
10.4588 1208144
10.4638 1209216
10.4688 1210288
10.4738 1211360
10.4788 1212432
10.4838 1213504
10.4888 1214576
10.4938 1215648
10.4988 1216720
10.5038 1217256
10.5088 1218328
10.5138 1219400
10.5188 1220472
10.5238 1221544
10.5288 1222616
10.5338 1223688
10.5388 1224760
10.5438 1225832
10.5488 1226904
10.5538 1227976
10.5588 1228512
10.5638 1229584
10.5688 1230656
10.5738 1231728
10.5788 1232800
10.5838 1233872
10.5888 1234944
10.5938 1236016
10.5988 1237088
10.6038 1238160
10.6088 1239232
10.6138 1240304
10.6188 1240840
10.6238 1241912
10.6288 1242984
10.6338 1244056
10.6388 1245128
10.6438 1246200
10.6488 1247272
10.6538 1248344
10.6588 1249416
10.6638 1250488
10.6688 1251560
10.6738 1252096
10.6788 1253168
10.6838 1254240
10.6888 1255312
10.6938 1256384
10.6988 1257456
10.7039 1258528
10.7089 1259600
10.7139 1260672
10.7189 1261744
10.7239 1262816
10.7289 1263352
10.7339 1264424
10.7388 1265496
10.7438 1266568
10.7488 1267640
10.7538 1268712
10.7588 1269784
10.7638 1270856
10.7688 1271928
10.7738 1273000
10.7788 1274072
10.7838 1274608
10.7888 1275680
10.7938 1276752
10.7988 1277824
10.8038 1278896
10.8088 1279968
10.8138 1281040
10.8188 1282112
10.8238 1283184
10.8288 1284256
10.8338 1285328
10.8388 1285864
10.8438 1286936
10.8488 1288008
10.8538 1289080
10.8588 1290152
10.8638 1291224
10.8688 1292296
10.8738 1293368
10.8788 1294440
10.8838 1295512
10.8888 1296584
10.8938 1297120
10.8988 1298192
10.9038 1299264
10.9088 1300336
10.9138 1301408
10.9188 1302480
10.9238 1303552
10.9288 1304624
10.9338 1305696
10.9388 1306768
10.9438 1307840
10.9488 1308912
10.9538 1309448
10.9588 1310520
10.9638 1311592
10.9688 1312664
10.9738 1313736
10.9788 1314808
10.9838 1315880
10.9888 1316952
10.9938 1318024
10.9988 1319096
11.0038 1320168
11.0088 1320704
11.0138 1321776
11.0188 1322848
11.0238 1323920
11.0288 1324992
11.0338 1326064
11.0388 1327136
11.0438 1328208
11.0488 1329280
11.0538 1330352
11.0588 1331424
11.0638 1331960
11.0688 1333032
11.0738 1334104
11.0788 1335176
11.0838 1336248
11.0888 1337320
11.0938 1338392
11.0988 1339464
11.1038 1340536
11.1088 1341608
11.1139 1342680
11.1189 1343216
11.1239 1344288
11.1289 1345360
11.1338 1346432
11.1388 1347504
11.1438 1348576
11.1488 1349648
11.1538 1350720
11.1588 1351792
11.1638 1352864
11.1688 1353936
11.1738 1354472
11.1788 1355544
11.1838 1356616
11.1888 1357688
11.1938 1358760
11.1988 1359832
11.2038 1360904
11.2088 1361976
11.2138 1363048
11.2188 1364120
11.2238 1365192
11.2288 1365728
11.2338 1366800
11.2388 1367872
11.2438 1368944
11.2488 1370016
11.2538 1371088
11.2588 1372160
11.2638 1373232
11.2688 1374304
11.2738 1375376
11.2788 1376448
11.2838 1377520
11.2888 1378056
11.2938 1379128
11.2988 1380200
11.3038 1381272
11.3088 1382344
11.3138 1383416
11.3188 1384488
11.3238 1385560
11.3288 1386632
11.3338 1387704
11.3388 1388776
11.3438 1389312
11.3488 1390384
11.3538 1391456
11.3588 1392528
11.3638 1393600
11.3688 1394672
11.3738 1395744
11.3788 1396816
11.3838 1397888
11.3888 1398960
11.3938 1400032
11.3988 1400568
11.4038 1401640
11.4088 1402712
11.4138 1403784
11.4188 1404856
11.4238 1405928
11.4288 1407000
11.4338 1408072
11.4388 1409144
11.4438 1410216
11.4488 1411288
11.4538 1411824
11.4588 1412896
11.4638 1413968
11.4688 1415040
11.4738 1416112
11.4788 1417184
11.4838 1418256
11.4888 1419328
11.4938 1420400
11.4988 1421472
11.5038 1422544
11.5089 1423080
11.5138 1424152
11.5189 1425224
11.5239 1426296
11.5289 1427368
11.5339 1428440
11.5388 1429512
11.5438 1430584
11.5488 1431656
11.5538 1432728
11.5588 1433800
11.5638 1434336
11.5688 1435408
11.5738 1436480
11.5788 1437552
11.5838 1438624
11.5888 1439696
11.5938 1440768
11.5988 1441840
11.6038 1442912
11.6088 1443984
11.6138 1445056
11.6188 1446128
11.6238 1446664
11.6288 1447736
11.6338 1448808
11.6388 1449880
11.6438 1450952
11.6488 1452024
11.6538 1453096
11.6588 1454168
11.6638 1455240
11.6688 1456312
11.6738 1457384
11.6788 1457920
11.6838 1458992
11.6888 1460064
11.6938 1461136
11.6988 1462208
11.7038 1463280
11.7088 1464352
11.7138 1465424
11.7188 1466496
11.7238 1467568
11.7288 1468640
11.7338 1469176
11.7388 1470248
11.7438 1471320
11.7488 1472392
11.7538 1473464
11.7588 1474536
11.7638 1475608
11.7688 1476680
11.7738 1477752
11.7788 1478824
11.7838 1479896
11.7888 1480432
11.7938 1481504
11.7988 1482576
11.8038 1483648
11.8088 1484720
11.8138 1485792
11.8188 1486864
11.8238 1487936
11.8288 1489008
11.8338 1490080
11.8388 1491152
11.8438 1491688
11.8488 1492760
11.8538 1493832
11.8588 1494904
11.8638 1495976
11.8688 1497048
11.8738 1498120
11.8788 1499192
11.8838 1500264
11.8888 1501336
11.8938 1502408
11.8988 1502944
11.9038 1504016
11.9089 1505088
11.9139 1506160
11.9188 1507232
11.9239 1508304
11.9289 1509376
11.9339 1510448
11.9388 1511520
11.9438 1512592
11.9488 1513664
11.9538 1514736
11.9588 1515272
11.9638 1516344
11.9688 1517416
11.9738 1518488
11.9788 1519560
11.9838 1520632
11.9888 1521704
11.9938 1522776
11.9988 1523848
12.0038 1524920
12.0088 1525992
12.0138 1526528
12.0188 1527600
12.0238 1528672
12.0288 1529744
12.0338 1530816
12.0388 1531888
12.0438 1532960
12.0488 1534032
12.0538 1535104
12.0588 1536176
12.0638 1537248
12.0688 1537784
12.0738 1538856
12.0788 1539928
12.0838 1541000
12.0888 1542072
12.0938 1543144
12.0988 1544216
12.1038 1545288
12.1088 1546360
12.1138 1547432
12.1188 1548504
12.1238 1549040
12.1288 1550112
12.1338 1551184
12.1388 1552256
12.1438 1553328
12.1488 1554400
12.1538 1555472
12.1588 1556544
12.1638 1557616
12.1688 1558688
12.1738 1559760
12.1788 1560296
12.1838 1561368
12.1888 1562440
12.1938 1563512
12.1988 1564584
12.2038 1565656
12.2088 1566728
12.2138 1567800
12.2188 1568872
12.2238 1569944
12.2288 1571016
12.2338 1571552
12.2388 1572624
12.2438 1573696
12.2488 1574768
12.2538 1575840
12.2588 1576912
12.2638 1577984
12.2688 1579056
12.2738 1580128
12.2788 1581200
12.2838 1582272
12.2888 1583344
12.2938 1583880
12.2988 1584952
12.3038 1586024
12.3089 1587096
12.3139 1588168
12.3189 1589240
12.3239 1590312
12.3289 1591384
12.3339 1592456
12.3388 1593528
12.3438 1594600
12.3488 1595136
12.3538 1596208
12.3588 1597280
12.3638 1598352
12.3688 1599424
12.3738 1600496
12.3788 1601568
12.3838 1602640
12.3888 1603712
12.3938 1604784
12.3988 1605856
12.4038 1606392
12.4088 1607464
12.4138 1608536
12.4188 1609608
12.4238 1610680
12.4288 1611752
12.4338 1612824
12.4388 1613896
12.4438 1614968
12.4488 1616040
12.4538 1617112
12.4588 1617648
12.4638 1618720
12.4688 1619792
12.4738 1620864
12.4788 1621936
12.4838 1623008
12.4888 1624080
12.4938 1625152
12.4988 1626224
12.5038 1627296
12.5088 1628368
12.5138 1628904
12.5188 1629976
12.5238 1631048
12.5288 1632120
12.5338 1633192
12.5388 1634264
12.5438 1635336
12.5488 1636408
12.5538 1637480
12.5588 1638552
12.5638 1639624
12.5688 1640160
12.5738 1641232
12.5788 1642304
12.5838 1643376
12.5888 1644448
12.5938 1645520
12.5988 1646592
12.6038 1647664
12.6088 1648736
12.6138 1649808
12.6188 1650880
12.6238 1651952
12.6288 1652488
12.6338 1653560
12.6388 1654632
12.6438 1655704
12.6488 1656776
12.6538 1657848
12.6588 1658920
12.6638 1659992
12.6688 1661064
12.6738 1662136
12.6788 1663208
12.6838 1663744
12.6888 1664816
12.6938 1665888
12.6988 1666960
12.7038 1668032
12.7089 1669104
12.7139 1670176
12.7189 1671248
12.7239 1672320
12.7288 1673392
12.7339 1674464
12.7388 1675000
12.7438 1676072
12.7488 1677144
12.7538 1678216
12.7588 1679288
12.7638 1680360
12.7688 1681432
12.7738 1682504
12.7788 1683576
12.7838 1684648
12.7888 1685720
12.7938 1686256
12.7988 1687328
12.8038 1688400
12.8088 1689472
12.8138 1690544
12.8188 1691616
12.8238 1692688
12.8288 1693760
12.8338 1694832
12.8388 1695904
12.8438 1696976
12.8488 1697512
12.8538 1698584
12.8588 1699656
12.8638 1700728
12.8688 1701800
12.8738 1702872
12.8788 1703944
12.8838 1705016
12.8888 1706088
12.8938 1707160
12.8988 1708232
12.9038 1708768
12.9088 1709840
12.9138 1710912
12.9188 1711984
12.9238 1713056
12.9288 1714128
12.9338 1715200
12.9388 1716272
12.9438 1717344
12.9488 1718416
12.9538 1719488
12.9588 1720560
12.9638 1721096
12.9688 1722168
12.9738 1723240
12.9788 1724312
12.9838 1725384
12.9888 1726456
12.9938 1727528
12.9988 1728600
13.0038 1729672
13.0088 1730744
13.0138 1731816
13.0188 1732352
13.0238 1733424
13.0288 1734496
13.0338 1735568
13.0388 1736640
13.0438 1737712
13.0488 1738784
13.0538 1739856
13.0588 1740928
13.0638 1742000
13.0688 1743072
13.0738 1743608
13.0788 1744680
13.0838 1745752
13.0888 1746824
13.0938 1747896
13.0988 1748968
13.1038 1750040
13.1088 1751112
13.1139 1752184
13.1189 1753256
13.1239 1754328
13.1289 1754864
13.1338 1755936
13.1388 1757008
13.1438 1758080
13.1488 1759152
13.1538 1760224
13.1588 1761296
13.1638 1762368
13.1688 1763440
13.1738 1764512
13.1788 1765584
13.1838 1766120
13.1888 1767192
13.1938 1768264
13.1988 1769336
13.2038 1770408
13.2088 1771480
13.2138 1772552
13.2188 1773624
13.2238 1774696
13.2288 1775768
13.2338 1776840
13.2388 1777376
13.2438 1778448
13.2488 1779520
13.2538 1780592
13.2588 1781664
13.2638 1782736
13.2688 1783808
13.2738 1784880
13.2788 1785952
13.2838 1787024
13.2888 1788096
13.2938 1789168
13.2988 1789704
13.3038 1790776
13.3088 1791848
13.3138 1792920
13.3188 1793992
13.3238 1795064
13.3288 1796136
13.3338 1797208
13.3388 1798280
13.3438 1799352
13.3488 1800424
13.3538 1800960
13.3588 1802032
13.3638 1803104
13.3688 1804176
13.3738 1805248
13.3788 1806320
13.3838 1807392
13.3888 1808464
13.3938 1809536
13.3988 1810608
13.4038 1811680
13.4088 1812216
13.4138 1813288
13.4188 1814360
13.4238 1815432
13.4288 1816504
13.4338 1817576
13.4388 1818648
13.4438 1819720
13.4488 1820792
13.4538 1821864
13.4588 1822936
13.4638 1823472
13.4688 1824544
13.4738 1825616
13.4788 1826688
13.4838 1827760
13.4888 1828832
13.4938 1829904
13.4988 1830976
13.5038 1832048
13.5089 1833120
13.5138 1834192
13.5189 1834728
13.5239 1835800
13.5289 1836872
13.5339 1837944
13.5388 1839016
13.5438 1840088
13.5488 1841160
13.5538 1842232
13.5588 1843304
13.5638 1844376
13.5688 1845448
13.5738 1845984
13.5788 1847056
13.5838 1848128
13.5888 1849200
13.5938 1850272
13.5988 1851344
13.6038 1852416
13.6088 1853488
13.6138 1854560
13.6188 1855632
13.6238 1856704
13.6288 1857776
13.6338 1858312
13.6388 1859384
13.6438 1860456
13.6488 1861528
13.6538 1862600
13.6588 1863672
13.6638 1864744
13.6688 1865816
13.6738 1866888
13.6788 1867960
13.6838 1869032
13.6888 1869568
13.6938 1870640
13.6988 1871712
13.7038 1872784
13.7088 1873856
13.7138 1874928
13.7188 1876000
13.7238 1877072
13.7288 1878144
13.7338 1879216
13.7388 1880288
13.7438 1880824
13.7488 1881896
13.7538 1882968
13.7588 1884040
13.7638 1885112
13.7688 1886184
13.7738 1887256
13.7788 1888328
13.7838 1889400
13.7888 1890472
13.7938 1891544
13.7988 1892080
13.8038 1893152
13.8088 1894224
13.8138 1895296
13.8188 1896368
13.8238 1897440
13.8288 1898512
13.8338 1899584
13.8388 1900656
13.8438 1901728
13.8488 1902800
13.8538 1903336
13.8588 1904408
13.8638 1905480
13.8688 1906552
13.8738 1907624
13.8788 1908696
13.8838 1909768
13.8888 1910840
13.8938 1911912
13.8988 1912984
13.9038 1914056
13.9089 1914592
13.9139 1915664
13.9189 1916736
13.9239 1917808
13.9289 1918880
13.9339 1919952
13.9389 1921024
13.9438 1922096
13.9488 1923168
13.9538 1924240
13.9588 1925312
13.9638 1926384
13.9688 1926920
13.9738 1927992
13.9788 1929064
13.9838 1930136
13.9888 1931208
13.9938 1932280
13.9988 1933352
14.0038 1934424
14.0088 1935496
14.0138 1936568
14.0188 1937640
14.0238 1938176
14.0288 1939248
14.0338 1940320
14.0388 1941392
14.0438 1942464
14.0488 1943536
14.0538 1944608
14.0588 1945680
14.0638 1946752
14.0688 1947824
14.0738 1948896
14.0788 1949432
14.0838 1950504
14.0888 1951576
14.0938 1952648
14.0988 1953720
14.1038 1954792
14.1089 1955864
14.1138 1956936
14.1188 1958008
14.1238 1959080
14.1288 1960152
14.1338 1960688
14.1388 1961760
14.1438 1962832
14.1488 1963904
14.1538 1964976
14.1588 1966048
14.1638 1967120
14.1688 1968192
14.1738 1969264
14.1788 1970336
14.1838 1971408
14.1888 1971944
14.1938 1973016
14.1988 1974088
14.2038 1975160
14.2088 1976232
14.2138 1977304
14.2188 1978376
14.2238 1979448
14.2288 1980520
14.2338 1981592
14.2388 1982664
14.2438 1983200
14.2488 1984272
14.2538 1985344
14.2588 1986416
14.2638 1987488
14.2688 1988560
14.2738 1989632
14.2788 1990704
14.2838 1991776
14.2888 1992848
14.2938 1993920
14.2988 1994992
14.3038 1995528
14.3089 1996600
14.3139 1997672
14.3189 1998744
14.3238 1999816
14.3289 2000888
14.3339 2001960
14.3389 2003032
14.3438 2004104
14.3488 2005176
14.3538 2006248
14.3588 2006784
14.3638 2007856
14.3688 2008928
14.3738 2010000
14.3788 2011072
14.3838 2012144
14.3888 2013216
14.3938 2014288
14.3988 2015360
14.4038 2016432
14.4088 2017504
14.4138 2018040
14.4188 2019112
14.4238 2020184
14.4288 2021256
14.4338 2022328
14.4388 2023400
14.4438 2024472
14.4488 2025544
14.4538 2026616
14.4588 2027688
14.4638 2028760
14.4688 2029296
14.4738 2030368
14.4788 2031440
14.4838 2032512
14.4888 2033584
14.4938 2034656
14.4988 2035728
14.5038 2036800
14.5089 2037872
14.5138 2038944
14.5188 2040016
14.5238 2040552
14.5288 2041624
14.5338 2042696
14.5388 2043768
14.5438 2044840
14.5488 2045912
14.5538 2046984
14.5588 2048056
14.5638 2049128
14.5688 2050200
14.5738 2051272
14.5788 2051808
14.5838 2052880
14.5888 2053952
14.5938 2055024
14.5988 2056096
14.6038 2057168
14.6088 2058240
14.6138 2059312
14.6188 2060384
14.6238 2061456
14.6288 2062528
14.6338 2063600
14.6388 2064136
14.6438 2065208
14.6488 2066280
14.6538 2067352
14.6588 2068424
14.6638 2069496
14.6688 2070568
14.6738 2071640
14.6788 2072712
14.6838 2073784
14.6888 2074856
14.6938 2075392
14.6988 2076464
14.7038 2077536
14.7089 2078608
14.7139 2079680
14.7189 2080752
14.7239 2081824
14.7288 2082896
14.7339 2083968
14.7389 2085040
14.7438 2086112
14.7488 2086648
14.7538 2087720
14.7588 2088792
14.7638 2089864
14.7688 2090936
14.7738 2092008
14.7788 2093080
14.7838 2094152
14.7888 2095224
14.7938 2096296
14.7988 2097368
14.8038 2097904
14.8088 2098976
14.8138 2100048
14.8188 2101120
14.8238 2102192
14.8288 2103264
14.8338 2104336
14.8388 2105408
14.8438 2106480
14.8488 2107552
14.8538 2108624
14.8588 2109160
14.8638 2110232
14.8688 2111304
14.8738 2112376
14.8788 2113448
14.8838 2114520
14.8888 2115592
14.8938 2116664
14.8988 2117736
14.9038 2118808
14.9089 2119880
14.9138 2120416
14.9188 2121488
14.9238 2122560
14.9288 2123632
14.9338 2124704
14.9388 2125776
14.9438 2126848
14.9488 2127920
14.9538 2128992
14.9588 2130064
14.9638 2131136
14.9688 2132208
14.9738 2132744
14.9788 2133816
14.9838 2134888
14.9888 2135960
14.9938 2137032
14.9988 2138104
15.0038 2139176
15.0088 2140248
15.0138 2141320
15.0188 2142392
15.0238 2143464
15.0288 2144000
15.0338 2145072
15.0388 2146144
15.0438 2147216
15.0488 2148288
15.0538 2149360
15.0588 2150432
15.0638 2151504
15.0688 2152576
15.0738 2153648
15.0788 2154720
15.0838 2155256
15.0888 2156328
15.0938 2157400
15.0988 2158472
15.1038 2159544
15.1088 2160616
15.1139 2161688
15.1189 2162760
15.1239 2163832
15.1289 2164904
15.1339 2165976
15.1389 2166512
15.1438 2167584
15.1488 2168656
15.1538 2169728
15.1588 2170800
15.1638 2171872
15.1688 2172944
15.1738 2174016
15.1788 2175088
15.1838 2176160
15.1888 2177232
15.1938 2177768
15.1988 2178840
15.2038 2179912
15.2088 2180984
15.2138 2182056
15.2188 2183128
15.2238 2184200
15.2288 2185272
15.2338 2186344
15.2388 2187416
15.2438 2188488
15.2488 2189024
15.2538 2190096
15.2588 2191168
15.2638 2192240
15.2688 2193312
15.2738 2194384
15.2788 2195456
15.2838 2196528
15.2888 2197600
15.2938 2198672
15.2988 2199744
15.3038 2200816
15.3088 2201352
15.3138 2202424
15.3188 2203496
15.3238 2204568
15.3288 2205640
15.3338 2206712
15.3388 2207784
15.3438 2208856
15.3488 2209928
15.3538 2211000
15.3588 2212072
15.3638 2212608
15.3688 2213680
15.3738 2214752
15.3788 2215824
15.3838 2216896
15.3888 2217968
15.3938 2219040
15.3988 2220112
15.4038 2221184
15.4088 2222256
15.4138 2223328
15.4188 2223864
15.4238 2224936
15.4288 2226008
15.4338 2227080
15.4388 2228152
15.4438 2229224
15.4488 2230296
15.4538 2231368
15.4588 2232440
15.4638 2233512
15.4688 2234584
15.4738 2235120
15.4788 2236192
15.4838 2237264
15.4888 2238336
15.4938 2239408
15.4988 2240480
15.5038 2241552
15.5088 2242624
15.5138 2243696
15.5188 2244768
15.5238 2245840
15.5288 2246376
15.5338 2247448
15.5388 2248520
15.5438 2249592
15.5488 2250664
15.5538 2251736
15.5588 2252808
15.5638 2253880
15.5688 2254952
15.5738 2256024
15.5788 2257096
15.5838 2257632
15.5888 2258704
15.5938 2259776
15.5988 2260848
15.6038 2261920
15.6088 2262992
15.6138 2264064
15.6188 2265136
15.6238 2266208
15.6288 2267280
15.6338 2268352
15.6388 2269424
15.6438 2269960
15.6488 2271032
15.6538 2272104
15.6588 2273176
15.6638 2274248
15.6688 2275320
15.6738 2276392
15.6788 2277464
15.6838 2278536
15.6888 2279608
15.6938 2280680
15.6988 2281216
15.7038 2282288
15.7088 2283360
15.7138 2284432
15.7188 2285504
15.7238 2286576
15.7288 2287648
15.7338 2288720
15.7388 2289792
15.7438 2290864
15.7488 2291936
15.7538 2292472
15.7588 2293544
15.7638 2294616
15.7688 2295688
15.7738 2296760
15.7788 2297832
15.7838 2298904
15.7888 2299976
15.7938 2301048
15.7988 2302120
15.8038 2303192
15.8088 2303728
15.8138 2304800
15.8188 2305872
15.8238 2306944
15.8288 2308016
15.8338 2309088
15.8388 2310160
15.8438 2311232
15.8488 2312304
15.8538 2313376
15.8588 2314448
15.8638 2314984
15.8688 2316056
15.8738 2317128
15.8788 2318200
15.8838 2319272
15.8888 2320344
15.8938 2321416
15.8988 2322488
15.9038 2323560
15.9088 2324632
15.9138 2325704
15.9188 2326240
15.9238 2327312
15.9288 2328384
15.9338 2329456
15.9388 2330528
15.9438 2331600
15.9488 2332672
15.9538 2333744
15.9588 2334816
15.9638 2335888
15.9688 2336960
15.9738 2338032
15.9788 2338568
15.9838 2339640
15.9888 2340712
15.9938 2341784
15.9988 2342856
16.0038 2343928
16.0088 2345000
16.0138 2346072
16.0188 2347144
16.0238 2348216
16.0288 2349288
16.0338 2349824
16.0388 2350896
16.0438 2351968
16.0488 2353040
16.0538 2354112
16.0588 2355184
16.0638 2356256
16.0688 2357328
16.0738 2358400
16.0788 2359472
16.0838 2360544
16.0888 2361080
16.0938 2362152
16.0988 2363224
16.1038 2364296
16.1088 2365368
16.1138 2366440
16.1188 2367512
16.1238 2368584
16.1288 2369656
16.1338 2370728
16.1388 2371800
16.1438 2372336
16.1488 2373408
16.1538 2374480
16.1588 2375552
16.1638 2376624
16.1688 2377696
16.1738 2378768
16.1788 2379840
16.1838 2380912
16.1888 2381984
16.1938 2383056
16.1988 2383592
16.2038 2384664
16.2088 2385736
16.2138 2386808
16.2188 2387880
16.2238 2388952
16.2288 2390024
16.2338 2391096
16.2388 2392168
16.2438 2393240
16.2488 2394312
16.2538 2394848
16.2588 2395920
16.2638 2396992
16.2688 2398064
16.2738 2399136
16.2788 2400208
16.2838 2401280
16.2888 2402352
16.2938 2403424
16.2988 2404496
16.3038 2405568
16.3088 2406640
16.3138 2407176
16.3188 2408248
16.3238 2409320
16.3288 2410392
16.3338 2411464
16.3388 2412536
16.3438 2413608
16.3488 2414680
16.3538 2415752
16.3588 2416824
16.3638 2417896
16.3688 2418432
16.3738 2419504
16.3788 2420576
16.3838 2421648
16.3888 2422720
16.3938 2423792
16.3988 2424864
16.4038 2425936
16.4088 2427008
16.4138 2428080
16.4188 2429152
16.4238 2429688
16.4288 2430760
16.4338 2431832
16.4388 2432904
16.4438 2433976
16.4488 2435048
16.4538 2436120
16.4588 2437192
16.4638 2438264
16.4688 2439336
16.4738 2440408
16.4788 2440944
16.4838 2442016
16.4888 2443088
16.4938 2444160
16.4988 2445232
16.5038 2446304
16.5088 2447376
16.5138 2448448
16.5188 2449520
16.5238 2450592
16.5288 2451664
16.5338 2452200
16.5388 2453272
16.5438 2454344
16.5488 2455416
16.5538 2456488
16.5588 2457560
16.5638 2458632
16.5688 2459704
16.5738 2460776
16.5788 2461848
16.5838 2462920
16.5888 2463456
16.5938 2464528
16.5988 2465600
16.6038 2466672
16.6088 2467744
16.6138 2468816
16.6188 2469888
16.6238 2470960
16.6288 2472032
16.6338 2473104
16.6388 2474176
16.6438 2475248
16.6488 2475784
16.6538 2476856
16.6588 2477928
16.6638 2479000
16.6688 2480072
16.6738 2481144
16.6788 2482216
16.6838 2483288
16.6888 2484360
16.6938 2485432
16.6988 2486504
16.7038 2487040
16.7088 2488112
16.7138 2489184
16.7188 2490256
16.7238 2491328
16.7288 2492400
16.7338 2493472
16.7388 2494544
16.7438 2495616
16.7488 2496688
16.7538 2497760
16.7588 2498296
16.7638 2499368
16.7688 2500440
16.7738 2501512
16.7788 2502584
16.7838 2503656
16.7888 2504728
16.7938 2505800
16.7988 2506872
16.8038 2507944
16.8088 2509016
16.8138 2509552
16.8188 2510624
16.8238 2511696
16.8288 2512768
16.8338 2513840
16.8388 2514912
16.8438 2515984
16.8488 2517056
16.8538 2518128
16.8588 2519200
16.8638 2520272
16.8688 2520808
16.8738 2521880
16.8788 2522952
16.8838 2524024
16.8888 2525096
16.8938 2526168
16.8988 2527240
16.9038 2528312
16.9088 2529384
16.9138 2530456
16.9188 2531528
16.9238 2532064
16.9288 2533136
16.9338 2534208
16.9388 2535280
16.9438 2536352
16.9488 2537424
16.9538 2538496
16.9588 2539568
16.9638 2540640
16.9688 2541712
16.9738 2542784
16.9788 2543856
16.9838 2544392
16.9888 2545464
16.9938 2546536
16.9988 2547608
17.0038 2548680
17.0088 2549752
17.0138 2550824
17.0188 2551896
17.0238 2552968
17.0288 2554040
17.0338 2555112
17.0388 2555648
17.0438 2556720
17.0488 2557792
17.0538 2558864
17.0588 2559936
17.0638 2561008
17.0688 2562080
17.0738 2563152
17.0788 2564224
17.0838 2565296
17.0888 2566368
17.0938 2566904
17.0988 2567976
17.1038 2569048
17.1088 2570120
17.1138 2571192
17.1188 2572264
17.1238 2573336
17.1288 2574408
17.1338 2575480
17.1388 2576552
17.1438 2577624
17.1488 2578160
17.1538 2579232
17.1588 2580304
17.1638 2581376
17.1688 2582448
17.1738 2583520
17.1788 2584592
17.1838 2585664
17.1888 2586736
17.1938 2587808
17.1988 2588880
17.2038 2589416
17.2088 2590488
17.2138 2591560
17.2188 2592632
17.2238 2593704
17.2288 2594776
17.2338 2595848
17.2388 2596920
17.2438 2597992
17.2488 2599064
17.2538 2600136
17.2588 2600672
17.2638 2601744
17.2688 2602816
17.2738 2603888
17.2788 2604960
17.2838 2606032
17.2888 2607104
17.2938 2608176
17.2988 2609248
17.3038 2610320
17.3088 2611392
17.3138 2612464
17.3188 2613000
17.3238 2614072
17.3288 2615144
17.3338 2616216
17.3388 2617288
17.3438 2618360
17.3488 2619432
17.3538 2620504
17.3588 2621576
17.3638 2622648
17.3688 2623720
17.3738 2624256
17.3788 2625328
17.3838 2626400
17.3888 2627472
17.3938 2628544
17.3988 2629616
17.4038 2630688
17.4088 2631760
17.4138 2632832
17.4188 2633904
17.4238 2634976
17.4288 2635512
17.4338 2636584
17.4388 2637656
17.4438 2638728
17.4488 2639800
17.4538 2640872
17.4588 2641944
17.4638 2643016
17.4688 2644088
17.4738 2645160
17.4788 2646232
17.4838 2646768
17.4888 2647840
17.4938 2648912
17.4988 2649984
17.5038 2651056
17.5088 2652128
17.5138 2653200
17.5188 2654272
17.5238 2655344
17.5288 2656416
17.5338 2657488
17.5388 2658024
17.5438 2659096
17.5488 2660168
17.5538 2661240
17.5588 2662312
17.5638 2663384
17.5688 2664456
17.5738 2665528
17.5788 2666600
17.5838 2667672
17.5888 2668744
17.5938 2669280
17.5988 2670352
17.6038 2671424
17.6088 2672496
17.6138 2673568
17.6188 2674640
17.6238 2675712
17.6288 2676784
17.6338 2677856
17.6388 2678928
17.6438 2680000
17.6488 2681072
17.6538 2681608
17.6588 2682680
17.6638 2683752
17.6688 2684824
17.6738 2685896
17.6788 2686968
17.6838 2688040
17.6888 2689112
17.6938 2690184
17.6988 2691256
17.7038 2692328
17.7088 2692864
17.7138 2693936
17.7188 2695008
17.7238 2696080
17.7288 2697152
17.7338 2698224
17.7388 2699296
17.7438 2700368
17.7488 2701440
17.7538 2702512
17.7588 2703584
17.7638 2704120
17.7688 2705192
17.7738 2706264
17.7788 2707336
17.7838 2708408
17.7888 2709480
17.7938 2710552
17.7988 2711624
17.8038 2712696
17.8088 2713768
17.8138 2714840
17.8188 2715376
17.8238 2716448
17.8288 2717520
17.8338 2718592
17.8388 2719664
17.8438 2720736
17.8488 2721808
17.8538 2722880
17.8588 2723952
17.8638 2725024
17.8688 2726096
17.8738 2726632
17.8788 2727704
17.8838 2728776
17.8888 2729848
17.8938 2730920
17.8988 2731992
17.9038 2733064
17.9088 2734136
17.9138 2735208
17.9188 2736280
17.9238 2737352
17.9288 2737888
17.9338 2738960
17.9388 2740032
17.9438 2741104
17.9488 2742176
17.9538 2743248
17.9588 2744320
17.9638 2745392
17.9688 2746464
17.9738 2747536
17.9788 2748608
17.9838 2749680
17.9888 2750216
17.9938 2751288
17.9988 2752360
18.0038 2753432
18.0088 2754504
18.0138 2755576
18.0188 2756648
18.0238 2757720
18.0288 2758792
18.0338 2759864
18.0388 2760936
18.0438 2761472
18.0488 2762544
18.0538 2763616
18.0588 2764688
18.0638 2765760
18.0688 2766832
18.0738 2767904
18.0788 2768976
18.0838 2770048
18.0888 2771120
18.0938 2772192
18.0988 2772728
18.1038 2773800
18.1088 2774872
18.1138 2775944
18.1188 2777016
18.1238 2778088
18.1288 2779160
18.1338 2780232
18.1388 2781304
18.1438 2782376
18.1488 2783448
18.1538 2783984
18.1588 2785056
18.1638 2786128
18.1688 2787200
18.1738 2788272
18.1788 2789344
18.1838 2790416
18.1888 2791488
18.1938 2792560
18.1988 2793632
18.2038 2794704
18.2088 2795240
18.2138 2796312
18.2188 2797384
18.2238 2798456
18.2288 2799528
18.2338 2800600
18.2388 2801672
18.2438 2802744
18.2488 2803816
18.2538 2804888
18.2588 2805960
18.2638 2806496
18.2688 2807568
18.2738 2808640
18.2788 2809712
18.2838 2810784
18.2888 2811856
18.2938 2812928
18.2988 2814000
18.3038 2815072
18.3088 2816144
18.3138 2817216
18.3188 2818288
18.3238 2818824
18.3288 2819896
18.3338 2820968
18.3388 2822040
18.3438 2823112
18.3488 2824184
18.3538 2825256
18.3588 2826328
18.3638 2827400
18.3688 2828472
18.3738 2829544
18.3788 2830080
18.3838 2831152
18.3888 2832224
18.3938 2833296
18.3988 2834368
18.4038 2835440
18.4088 2836512
18.4138 2837584
18.4188 2838656
18.4238 2839728
18.4288 2840800
18.4338 2841336
18.4388 2842408
18.4438 2843480
18.4488 2844552
18.4538 2845624
18.4588 2846696
18.4638 2847768
18.4688 2848840
18.4738 2849912
18.4788 2850984
18.4838 2852056
18.4888 2852592
18.4938 2853664
18.4988 2854736
18.5038 2855808
18.5088 2856880
18.5138 2857952
18.5188 2859024
18.5238 2860096
18.5288 2861168
18.5338 2862240
18.5388 2863312
18.5438 2863848
18.5488 2864920
18.5538 2865992
18.5588 2867064
18.5638 2868136
18.5688 2869208
18.5738 2870280
18.5788 2871352
18.5838 2872424
18.5888 2873496
18.5938 2874568
18.5988 2875104
18.6038 2876176
18.6088 2877248
18.6138 2878320
18.6188 2879392
18.6238 2880464
18.6288 2881536
18.6338 2882608
18.6388 2883680
18.6438 2884752
18.6488 2885824
18.6538 2886896
18.6588 2887432
18.6638 2888504
18.6688 2889576
18.6738 2890648
18.6788 2891720
18.6838 2892792
18.6888 2893864
18.6938 2894936
18.6988 2896008
18.7038 2897080
18.7088 2898152
18.7138 2898688
18.7188 2899760
18.7238 2900832
18.7288 2901904
18.7338 2902976
18.7388 2904048
18.7438 2905120
18.7488 2906192
18.7538 2907264
18.7588 2908336
18.7638 2909408
18.7688 2909944
18.7738 2911016
18.7788 2912088
18.7838 2913160
18.7888 2914232
18.7938 2915304
18.7988 2916376
18.8038 2917448
18.8088 2918520
18.8138 2919592
18.8188 2920664
18.8238 2921200
18.8288 2922272
18.8338 2923344
18.8388 2924416
18.8438 2925488
18.8488 2926560
18.8538 2927632
18.8588 2928704
18.8638 2929776
18.8688 2930848
18.8738 2931920
18.8788 2932456
18.8838 2933528
18.8888 2934600
18.8938 2935672
18.8988 2936744
18.9038 2937816
18.9088 2938888
18.9138 2939960
18.9188 2941032
18.9238 2942104
18.9288 2943176
18.9338 2943712
18.9388 2944784
18.9438 2945856
18.9488 2946928
18.9538 2948000
18.9588 2949072
18.9638 2950144
18.9688 2951216
18.9738 2952288
18.9788 2953360
18.9838 2954432
18.9888 2955504
18.9938 2956040
18.9988 2957112
19.0038 2958184
19.0088 2959256
19.0138 2960328
19.0188 2961400
19.0238 2962472
19.0288 2963544
19.0338 2964616
19.0388 2965688
19.0438 2966760
19.0488 2967296
19.0538 2968368
19.0588 2969440
19.0638 2970512
19.0688 2971584
19.0738 2972656
19.0788 2973728
19.0838 2974800
19.0888 2975872
19.0938 2976944
19.0988 2978016
19.1038 2978552
19.1088 2979624
19.1138 2980696
19.1188 2981768
19.1238 2982840
19.1288 2983912
19.1338 2984984
19.1388 2986056
19.1438 2987128
19.1488 2988200
19.1538 2989272
19.1588 2989808
19.1638 2990880
19.1688 2991952
19.1738 2993024
19.1788 2994096
19.1838 2995168
19.1888 2996240
19.1938 2997312
19.1988 2998384
19.2038 2999456
19.2088 3000528
19.2138 3001064
19.2188 3002136
19.2238 3003208
19.2288 3004280
19.2338 3005352
19.2388 3006424
19.2438 3007496
19.2488 3008568
19.2538 3009640
19.2588 3010712
19.2638 3011784
19.2688 3012320
19.2738 3013392
19.2788 3014464
19.2838 3015536
19.2888 3016608
19.2938 3017680
19.2988 3018752
19.3038 3019824
19.3088 3020896
19.3138 3021968
19.3188 3023040
19.3238 3024112
19.3288 3024648
19.3338 3025720
19.3388 3026792
19.3438 3027864
19.3488 3028936
19.3538 3030008
19.3588 3031080
19.3638 3032152
19.3688 3033224
19.3738 3034296
19.3788 3035368
19.3838 3035904
19.3888 3036976
19.3938 3038048
19.3988 3039120
19.4038 3040192
19.4088 3041264
19.4138 3042336
19.4188 3043408
19.4238 3044480
19.4288 3045552
19.4338 3046624
19.4388 3047160
19.4438 3048232
19.4488 3049304
19.4538 3050376
19.4588 3051448
19.4638 3052520
19.4688 3053592
19.4738 3054664
19.4788 3055736
19.4838 3056808
19.4888 3057880
19.4938 3058416
19.4988 3059488
19.5038 3060560
19.5088 3061632
19.5138 3062704
19.5188 3063776
19.5238 3064848
19.5288 3065920
19.5338 3066992
19.5388 3068064
19.5438 3069136
19.5488 3069672
19.5538 3070744
19.5588 3071816
19.5638 3072888
19.5688 3073960
19.5738 3075032
19.5788 3076104
19.5838 3077176
19.5888 3078248
19.5938 3079320
19.5988 3080392
19.6038 3080928
19.6088 3082000
19.6138 3083072
19.6188 3084144
19.6238 3085216
19.6288 3086288
19.6338 3087360
19.6388 3088432
19.6438 3089504
19.6488 3090576
19.6538 3091648
19.6588 3092720
19.6638 3093256
19.6688 3094328
19.6738 3095400
19.6788 3096472
19.6838 3097544
19.6888 3098616
19.6938 3099688
19.6988 3100760
19.7038 3101832
19.7088 3102904
19.7138 3103976
19.7188 3104512
19.7238 3105584
19.7288 3106656
19.7338 3107728
19.7388 3108800
19.7438 3109872
19.7488 3110944
19.7538 3112016
19.7588 3113088
19.7638 3114160
19.7688 3115232
19.7738 3115768
19.7788 3116840
19.7838 3117912
19.7888 3118984
19.7938 3120056
19.7988 3121128
19.8038 3122200
19.8088 3123272
19.8138 3124344
19.8188 3125416
19.8238 3126488
19.8288 3127024
19.8338 3128096
19.8388 3129168
19.8438 3130240
19.8488 3131312
19.8538 3132384
19.8588 3133456
19.8638 3134528
19.8688 3135600
19.8738 3136672
19.8788 3137744
19.8838 3138280
19.8888 3139352
19.8938 3140424
19.8988 3141496
19.9038 3142568
19.9088 3143640
19.9138 3144712
19.9188 3145784
19.9238 3146856
19.9288 3147928
19.9338 3149000
19.9388 3149536
19.9438 3150608
19.9488 3151680
19.9538 3152752
19.9588 3153824
19.9638 3154896
19.9688 3155968
19.9738 3157040
19.9788 3158112
19.9838 3159184
19.9888 3160256
19.9938 3161328
19.9988 3161864
